120
989
325 590
797 22
1243 37
682 42
1036 12
824 507
1068 100
398 761
1167 84
1104 156
1166 12
412 291
525 321
358 745
382 544
510 511
290 162
160 26
653 100
1125 188
1307 16
396 31
1232 76
1214 2
514 192
634 516
173 1021
215 183
650 273
119 1142
1054 176
1032 129
604 426
118 243
1178 129
744 571
559 211
475 78
1156 116
62 551
235 229
1041 218
1334 2
124 719
827 48
178 665
986 313
1009 266
625 668
871 249
106 260
1192 137
1300 34
1082 257
1287 15
1097 56
585 200
922 129
189 228
1233 96
840 429
1146 41
1273 9
485 654
1098 219
631 101
773 18
461 73
21 787
812 428
1132 15
952 236
129 167
1334 3
1146 111
279 506
820 498
957 242
684 651
672 508
628 95
826 421
1324 15
358 28
835 8
367 476
1149 145
920 329
787 31
494 577
832 266
461 820
15 1057
438 439
476 119
942 6
161 696
1280 51
1134 172
351 278
492 484
62 594
369 294
303 598
319 192
391 234
63 1173
910 74
888 434
1100 101
442 193
483 57
1030 306
344 209
284 949
236 577
572 627
1149 179
159 697
1196 62
1073 238
337 932
51 696
245 273
128 523
1097 131
34 1080
275 326
1254 2
608 510
181 4
423 538
1154 70
1331 1
224 1093
890 296
749 501
928 319
852 279
811 160
1079 52
289 514
367 340
397 213
1213 113
207 1094
1239 55
462 469
108 172
1288 26
44 1180
640 204
826 511
355 875
1093 227
1273 5
974 79
1191 108
112 684
356 656
334 579
1096 147
1147 191
52 1068
1084 99
846 105
210 10
807 102
45 1103
1079 95
746 567
285 965
580 624
13 668
1312 24
1116 188
155 462
1061 172
1233 38
797 452
276 791
532 150
650 471
786 146
169 255
605 87
226 613
1081 13
1278 25
353 228
208 1025
1241 19
1203 125
57 188
430 478
296 25
385 16
378 828
153 316
999 139
698 262
623 689
648 390
130 1111
153 133
382 288
1046 263
187 263
1090 161
1013 109
745 324
140 692
302 851
585 577
730 307
814 302
605 17
771 333
407 536
484 474
1084 180
43 792
855 473
1282 3
476 577
68 1229
643 49
120 152
559 121
1184 138
5 1242
894 274
1314 16
451 218
5 1003
284 1046
786 467
649 167
544 702
550 150
319 519
1016 192
326 299
823 169
518 779
171 859
461 621
1171 93
1209 16
1334 2
599 649
550 454
234 256
792 195
91 576
708 479
618 707
408 355
398 820
91 1023
1099 109
943 97
279 408
7 308
254 840
969 157
1313 23
927 330
1315 10
930 185
794 211
888 184
1066 204
27 388
1261 17
788 316
192 499
1086 14
1285 45
1006 207
1024 74
721 610
244 271
1160 143
577 448
501 502
814 94
640 591
222 647
34 478
1072 108
384 888
419 325
578 356
847 41
882 74
819 184
350 601
1022 67
954 290
997 148
1285 13
879 106
843 447
386 39
370 894
958 304
1021 259
978 153
1089 90
240 449
714 263
542 22
1274 26
890 258
1178 126
656 386
712 69
1068 51
575 538
109 462
412 345
1302 24
542 61
347 708
829 149
1246 12
1334 2
870 54
399 933
1191 12
203 694
1011 129
1056 39
248 567
912 124
1251 43
477 165
1136 54
1123 101
1333 3
805 92
803 304
115 946
1020 89
711 572
648 365
207 374
318 292
877 426
231 17
560 244
1250 17
279 385
1046 163
374 433
1246 71
1109 77
33 1227
998 88
633 53
671 622
40 84
740 381
1106 173
1000 80
137 931
132 940
169 207
642 458
911 270
951 385
58 685
1021 245
220 793
911 253
1242 90
824 193
1256 81
907 243
1287 41
931 373
160 101
451 633
336 984
824 341
640 241
562 374
867 155
221 442
290 530
1008 144
1210 74
1061 234
1071 217
1120 176
1062 111
1273 49
653 508
1155 138
829 200
471 90
1293 18
837 21
483 780
1098 36
510 699
1338 2
820 412
484 282
1298 35
700 615
723 471
1320 17
389 888
1282 43
534 335
833 413
158 985
1121 140
1162 124
1299 28
422 898
658 277
836 401
547 659
781 514
230 285
359 473
1040 168
1145 176
120 675
468 348
1197 31
1325 8
155 668
270 1009
486 841
385 830
1060 44
797 481
520 263
267 800
1136 163
68 1039
135 296
630 601
385 74
1061 134
971 8
748 172
311 86
692 351
631 613
300 640
1034 213
605 122
1142 33
298 349
943 356
306 762
573 120
946 288
1131 9
921 182
1230 95
59 1153
1160 134
993 196
716 143
852 445
448 249
303 862
1003 74
971 306
849 42
965 98
953 100
859 461
278 176
587 101
1080 104
102 1109
1172 162
1055 111
81 28
802 220
423 916
1025 29
111 460
710 603
313 760
800 126
230 1019
730 506
1212 56
1143 150
161 309
879 140
1328 10
428 826
528 153
252 676
12 697
447 503
775 558
683 503
98 955
1262 16
599 385
381 456
1280 41
979 17
1330 9
415 917
41 560
1110 40
1123 50
1189 110
741 376
608 32
11 101
117 36
549 629
483 133
659 242
645 454
916 115
1333 2
48 1047
338 266
930 315
578 388
507 257
152 929
881 420
166 49
803 441
195 488
254 653
1069 208
360 222
1002 78
930 297
784 69
423 99
279 760
865 304
1262 51
785 29
475 567
352 511
342 368
665 507
72 792
1020 154
816 464
726 397
970 225
1038 219
475 297
1099 29
789 260
632 331
1130 93
1130 110
118 787
480 333
1289 29
15 836
1051 162
449 249
74 1056
372 614
532 186
480 671
466 306
1218 65
252 865
1010 291
212 931
1054 286
1085 154
1252 1
732 396
802 237
740 40
523 511
724 496
1319 20
741 440
1071 123
803 215
356 817
108 487
1252 24
615 650
755 455
143 62
880 200
113 381
1203 119
1038 302
1217 103
225 824
863 158
659 80
1022 132
419 896
168 346
334 3
22 599
15 777
338 13
39 41
1082 134
332 726
1071 166
1221 67
493 746
772 342
96 976
1156 86
1306 14
199 826
427 257
245 213
1055 123
513 302
814 487
1124 32
277 52
561 704
791 471
1011 328
10 198
1253 22
1084 198
492 504
829 216
1118 91
841 372
1044 117
893 447
447 621
1283 12
28 455
607 481
584 686
112 418
867 291
1294 24
44 1110
824 391
421 55
989 19
727 482
1000 66
884 447
184 1119
597 668
1241 36
999 334
927 328
651 300
1336 1
920 370
1100 223
881 345
697 35
1092 16
40 69
1049 162
1192 100
918 59
434 475
979 187
800 311
1111 108
1278 31
508 682
459 677
976 217
467 295
381 675
1223 98
235 1050
71 131
697 13
319 76
51 995
428 822
1193 43
500 833
1077 66
400 348
511 403
996 21
254 82
1133 49
460 225
635 557
1108 85
187 450
787 82
981 274
1238 63
949 179
669 18
944 160
482 588
690 479
807 67
334 82
27 539
838 151
681 295
554 412
960 159
917 159
1248 38
145 283
998 157
1179 142
258 932
1277 24
1291 8
694 568
1036 125
517 370
1192 3
1112 187
313 547
396 930
112 410
586 309
305 121
1067 68
1156 25
464 396
1111 213
176 264
964 315
608 199
925 150
309 228
1117 190
1212 77
812 41
1129 64
916 85
233 730
460 636
468 204
976 325
161 646
105 462
373 902
925 249
1103 35
1167 46
974 180
542 199
893 444
18 956
714 379
139 343
146 436
213 926
1176 1
246 894
1212 80
1098 14
842 36
591 181
358 366
26 1091
1154 2
1055 73
1324 2
144 828
877 153
396 215
822 374
202 670
1246 69
779 500
1073 166
62 725
834 381
50 258
656 642
555 154
995 228
83 1203
632 232
1127 12
479 655
736 21
1140 97
992 176
333 276
909 407
704 485
1180 102
851 98
855 171
878 143
623 672
92 764
262 957
1157 153
333 925
387 121
62 22
774 59
157 886
38 525
715 453
584 396
372 642
323 666
764 153
90 1186
151 1078
1170 38
204 522
645 559
1233 51
262 814
562 475
813 262
1188 36
884 177
202 248
1289 14
645 466
36 770
266 711
561 328
703 441
1152 107
335 105
1195 31
1227 36
90 1168
248 1018
840 455
968 194
773 335
813 49
917 231
1236 13
794 284
84 487
1044 49
755 370
27 938
1010 204
1197 77
238 10
778 319
211 284
815 356
709 479
827 354
403 565
931 37
946 171
748 455
123 318
1329 7
552 723
1101 229
880 252
658 477
286 688
796 387
471 36
964 337
639 224
344 553
1226 92
778 96
912 411
61 237
846 373
640 521
3 94
585 70
96 822
426 714
141 485
281 542
285 134
1222 60
908 366
915 197
1045 245
854 389
1138 14
170 402
766 198
676 111
988 138
1009 175
1025 214
279 821
1196 26
856 27
520 139
682 405
235 385
384 709
736 264
913 142
883 284
952 347
1191 12
989 179
824 471
448 560
815 315
1209 52
669 334
933 301
880 368
593 629
174 951
40 376
733 188
360 751
997 298
391 215
978 88
84 159
873 350
357 283
615 163
1092 181
1327 4
1038 38
123 518
581 43
213 980
542 491
693 546
321 831
928 93
186 639
397 650
1058 19
863 47
544 352
1027 106
86 1177
809 402
304 186
650 676
353 233
497 611
875 155
1137 96
514 344
1029 16
302 657
987 335
897 150
1217 55
633 655
948 125
61 183
1041 185
17 1042
63 1041
93 1051
1204 39
680 389
695 63
83 902
348 364
510 654
1286 18
1114 105
968 283
1234 40
701 299
1178 130
244 228
