100 121
14 68
20 14
38 167
41 5
61 61
64 12
66 131
71 179
91 138
93 81
95 166
100 102
105 54
136 28
140 60
148 13
162 99
169 67
185 99
193 25
196 115
202 114
203 167
210 205
217 178
236 129
250 203
252 162
266 125
267 172
273 87
279 208
306 60
310 162
320 72
325 32
340 209
345 67
351 182
357 160
361 157
388 92
389 165
394 31
401 47
404 202
406 203
451 74
474 143
500 96
501 206
529 160
539 13
542 11
543 183
551 11
557 21
571 184
573 94
574 131
590 85
591 82
599 167
627 76
642 58
649 156
651 104
661 110
662 126
665 149
676 33
679 140
698 76
703 84
714 148
716 9
729 53
735 21
748 175
758 146
776 31
777 2
778 193
783 146
784 10
789 181
794 71
803 166
811 179
829 183
834 209
842 77
864 159
884 140
886 120
915 140
929 7
939 16
964 21
987 50
