100
11 105
23 39
24 43
26 94
32 114
38 50
44 35
55 60
66 95
73 40
84 21
85 54
93 41
110 50
128 10
129 68
137 62
143 66
146 106
155 65
167 118
188 77
192 55
194 63
210 57
238 27
240 106
245 102
248 40
251 69
261 13
278 41
287 109
300 100
311 25
315 79
321 115
322 75
345 80
355 115
367 57
376 62
384 54
392 69
402 48
417 103
438 86
444 14
481 32
520 103
538 40
547 77
552 113
592 118
593 83
596 40
612 90
615 111
616 119
618 32
623 55
636 61
638 20
649 120
650 110
658 76
661 83
663 82
668 73
669 71
683 5
691 102
693 19
738 16
743 13
757 98
759 14
769 83
770 45
783 83
818 43
837 106
843 30
845 54
872 47
876 112
888 101
905 14
912 109
920 57
925 90
927 48
932 47
946 91
947 102
956 66
961 106
971 50
996 8
997 94
