6633
4838
33100
55
86
95340
9008
6786
99
81
4889
989
49498
8751
66
61758
349
48
447
83
85
981
11366
7895
527
16979
41608
82709
915
2784
23905
5240
79
22235
76553
40
485
995
2332
11780
263
811
35751
82826
93192
67583
67
4680
3858
7742
132
214
43
201
525
56651
73974
3029
79
3184
411
87
952
2512
883
3312
854
203
44125
45
27884
902
257
114
48
24
77
56475
11711
9683
9812
69997
35899
634
59237
8372
7700
88
745
83
70
737
5755
3121
2073
44
62159
95
411
44
3084
194
728
5181
61817
6625
54
96
78
70
57743
938
5602
2953
23
42
15014
324
12
7928
33
7756
40007
6787
15
2961
845
68986
178
4455
904
167
625
56817
854
4959
50733
5937
36
6990
22
39653
46844
2133
45564
825
908
94555
54
54120
231
70
72
9934
21671
8662
58476
783
94512
57400
979
326
91
13
379
69977
590
801
46
41
38
921
5099
8541
80270
58314
1403
50
47
9085
520
6029
32
11176
6706
7059
76
72732
409
339
216
857
779
307
1554
73
964
360
82064
391
63
7893
9882
50
62
6196
56074
837
2626
178
51039
8516
29242
753
51
2820
575
960
5701
7245
9051
23419
56632
60
21
320
29
147
8067
77557
20
44756
615
81
45
33376
650
66805
720
40265
70152
64
1040
455
64063
565
77
40276
5137
2597
29
82
6199
649
1948
60
858
11588
1131
213
98455
52553
90
99361
94
2707
503
25
91408
38111
5000
140
6739
648
274
29
799
13
76887
1507
98
124
87867
42
68
64289
35
544
20656
715
99206
40
322
537
590
409
76
31901
7010
44
465
2249
71
927
752
79684
449
7842
4889
992
27373
3748
7132
665
28730
80
390
63
651
99
700
52585
873
488
47190
127
14
30
325
53842
33
6579
22
502
44
92299
614
5987
8200
232
82
95442
24029
442
1426
6245
48
53
53095
321
7834
102
9423
27
7990
95
1331
44046
4494
190
82
253
3948
704
27
48482
31
98
4526
96
9482
930
78
37275
740
9338
166
763
39518
36
8332
14263
46874
56
469
834
69948
86918
74
32
85
5815
104
99
778
59
31
1598
7875
3925
28731
37
85
35
78763
75451
4960
29
9119
6403
997
14274
7750
5364
9526
826
2316
937
82264
41953
10808
560
200
720
12
6453
79
3111
78
57
73
806
9522
88070
95
37
42
100
10
9457
53538
740
7263
76
3237
37
740
34372
3243
4579
6301
61
298
45486
11
4367
289
81
86
100
14077
97
344
53
86
4764
5912
368
2115
221
12
6256
3460
6223
29
61
1422
77521
8314
92798
69012
72
12
6809
706
73
29955
82
27
95446
798
4463
87
16
87
90780
32
950
204
36
237
59
7690
3335
7623
42
892
14
83403
9884
935
61
45325
191
18
8655
94150
24
68427
484
15737
48
63532
58
3542
774
65
6070
83
71
99647
223
53423
5125
693
4910
2261
58806
14607
580
1456
592
9703
92
59
97
549
517
30386
35
20
95
3133
63
649
688
82416
5256
89308
3894
43067
115
6803
6770
7772
80
14234
64
5101
13903
5628
26617
50537
4371
33522
516
85
65
307
7852
3697
714
79
569
83
36
75296
543
7027
73585
1929
15763
388
276
980
16
62
4160
779
774
941
67459
12
302
257
920
9288
5742
415
931
23
57
65
2832
1061
49
660
15
7546
14
63693
14
9479
6281
51238
2449
96
28
1146
87
20
4064
9712
25
6351
8998
634
32
15607
105
49
11416
90214
71
89
806
72739
91
1971
51
50
704
58
73
8130
40
95
3154
38
1485
51
40
6145
95673
572
925
44349
161
184
315
48
7004
1187
16915
73
8909
1951
996
4498
4904
9882
180
29
807
632
322
434
4534
6261
7901
84
43565
5382
38583
6966
35
302
72
71
69178
4030
6873
288
370
82
6000
48221
989
67228
805
80
940
247
7422
928
36
4666
76
78
6904
27156
631
46611
39
10912
636
771
42
4013
215
52
214
38
850
100
686
75514
98
46227
185
64550
80
60474
910
9742
444
10
4545
509
6847
372
6665
86210
4324
22324
84
68
86005
9079
2566
3742
861
94628
696
138
21629
54
10023
71
54641
8892
860
18
716
71281
921
974
9997
60342
40
51199
98447
61
5928
70
36
47
5632
82
3050
63
217
1206
436
86
297
77
485
51
15745
7815
245
25
718
4957
2307
67
44
92802
8411
468
78731
5145
4919
644
118
87827
748
447
29
803
832
95
710
6565
2611
279
79
9692
4953
831
3011
792
3648
61350
9176
35
443
93279
37787
5198
24
20110
440
7910
3656
5274
143
325
144
363
7690
865
54
78320
24
376
101
41887
84824
55
98
42877
8401
713
145
7126
5697
2623
954
174
7117
8473
28440
49879
1949
79
531
65737
1725
100
45447
53
14302
646
63477
2687
54
40
7596
2530
32
1652
47
612
48
131
83
797
314
1155
78
2664
941
406
540
68
901
100
510
768
13
1251
86
41257
55028
9787
79998
839
3923
300
569
973
88772
5745
92084
2015
6187
75185
98
6420
20932
2768
1320
881
31
61
53
27
41530
85920
1469
47
47
702
1597
52135
97
54293
201
780
274
74
29
5688
7607
84286
89
32267
4593
396
76
37
24362
17
44
79652
4236
37
76466
321
464
11
642
52013
16265
44
23
171
769
82350
33285
94839
130
48695
38839
70756
59037
51142
76
15336
844
72
3673
95
23
80846
19938
6345
4062
990
66467
303
18939
743
68
327
24
2460
947
60988
612
481
531
21
3386
41776
100
88075
9529
65595
189
6340
3731
527
72363
87002
8272
1150
74
6478
4689
1861
71
590
4720
5906
20
70363
2832
7927
809
7531
92
1433
93300
671
88
260
609
482
5018
42
13368
11
9161
767
373
410
4642
4795
29
970
330
77522
182
42674
560
6902
49
73105
4419
521
54
474
5572
43
475
1216
249
397
231
36
467
58
813
2274
622
1708
104
53
46
38688
5631
32958
2840
47894
48264
67
7073
90
23
17
50623
52
564
5750
3768
22
2136
67443
3463
4021
83127
43604
85
8712
47
3715
64
292
447
41
9166
749
52
60
122
63
534
431
60
5617
3368
796
75
1382
76
180
14
70
963
304
8935
733
51012
47
337
28
87574
3649
3305
56
25898
2727
60337
94467
264
16
31
562
70261
3722
868
69
97243
62567
100
124
86169
77094
4246
333
34
7737
872
55
5163
81967
90
4811
3868
100
917
89684
422
724
13442
30226
783
4433
96
67
9758
154
93240
9982
39
950
8451
914
5214
976
39
3975
99
2159
40
9823
7171
2995
2619
46
27450
784
665
7425
76622
67
368
81568
8227
13888
489
722
148
4663
95
616
6523
4973
135
53648
282
39
7112
369
90700
5075
22
78730
6707
999
37
45
298
73752
24
816
1487
76
85
641
26
200
433
28376
13
47543
57
9662
6642
45823
26411
90576
13953
738
448
659
906
92
86522
185
13971
98
8357
58815
3610
5401
52
981
84
8039
74236
697
50763
66
2110
8721
81
85
31
811
364
7402
652
103
76
2661
35
130
13173
55205
5123
851
5182
85903
93
350
1374
65
6300
69
37368
80921
9725
53996
523
154
35720
21929
9991
993
7329
70612
97
204
81
2007
667
45290
99
588
325
78540
2039
9377
59
251
7044
7833
54074
1090
6861
5181
71981
85
91627
28
767
83092
798
32218
2985
1960
67
280
119
70441
74
7819
87334
63
97097
27
41
14387
3017
1705
99950
502
25058
603
9169
2670
7102
4214
40598
3623
41
861
46
55
6294
540
566
8559
8318
98832
582
14787
62549
1626
61944
40
5689
4199
27580
706
92
94
65
69650
6727
73
709
5387
79
44181
67
31
413
91
49
10849
97
668
60393
179
3084
77767
7827
8990
56769
41
90528
301
94911
4191
21
4940
31566
645
31238
37
921
3855
17
1546
60614
89
44
610
785
891
8293
53021
1407
8349
503
6673
54
914
953
940
11016
34253
88
24659
43600
9551
71984
758
6438
387
7717
89
497
6974
545
16
44
67
32707
41566
75787
9910
40
4409
66121
136
160
2695
302
53
45270
73183
398
186
41472
400
73
45313
6733
6792
13
170
7577
78
37
2637
788
9849
926
150
70251
73
8659
19771
10
8698
602
21
33298
6608
86944
66734
66
674
52
58017
20691
24
74477
6812
7090
2744
6348
4155
512
3725
7921
8993
17711
80373
47
8734
191
800
269
87164
87565
362
818
503
7650
51214
8874
9343
86
5571
3948
7443
84
8151
73672
850
36
6164
60
75145
15
9748
5983
6921
34696
8250
55348
5089
98413
2019
18625
493
1719
8350
6674
243
521
9796
92
90753
68993
129
43952
35
8245
239
7982
5701
15
922
47
85200
91
428
8877
43743
92561
198
291
385
42
5143
2640
807
62
852
55
30
6708
914
94
177
456
66081
3884
46325
12
72
22
3695
66945
8609
83495
215
510
94798
7886
98869
289
58
786
239
4951
953
788
1232
281
79866
7408
41330
27
98737
64516
1312
65259
6033
9504
88638
8137
361
515
50460
7284
95
737
372
55583
826
17194
247
20
32674
69088
29480
2960
73
11
5387
774
769
68
48924
1844
18430
5167
9650
223
1440
291
820
768
1774
59926
8751
32939
5570
50
795
4724
10597
91869
5484
60
83
5236
689
41
155
942
3938
31586
95
90176
86
78
80
8943
104
7916
81
939
94
29
479
367
11
7804
22
636
63
79
93
26
27988
7246
3867
93
61
70
99881
12815
5236
20
2702
90
99
876
23
70265
975
40663
71
91738
8460
65795
60
913
58
74998
40871
60262
53196
11
4857
25
408
75
4656
36
888
613
3369
881
44043
901
6531
26
74412
66
936
42
53
188
491
71
8514
213
94
97364
50
67
25135
278
43214
7895
3111
41493
5304
6079
91496
14
527
6053
33596
66610
12618
746
27244
51
7129
671
7143
35230
627
90
45
45
25
87577
8494
62405
14657
54
93958
4270
96
47
337
65
12
195
13
862
45
92457
1055
5300
266
63266
50
7027
75
60
85209
277
61952
761
1427
697
27
84
4821
60
64
8935
46274
917
60268
81157
45
22
91
89
138
60825
763
32
8216
43
540
760
11300
64989
1916
555
6167
86
16
92552
70
88458
696
28236
55
534
755
8530
903
87
36
7052
5453
371
707
78562
438
41231
940
8648
10513
10
1347
709
46
516
491
46
12
41506
94905
34
77
106
7705
58
177
4922
2851
92458
25
7289
41
39718
41
6402
52252
34
1244
14
2482
4238
95476
47
79791
10619
80
9428
57549
6334
358
33193
132
7411
66
211
5611
917
31924
54599
68
3350
2372
70
37737
56954
5737
509
99329
750
47
406
797
176
29
3378
1358
23178
807
49
5766
8579
46117
79
21
482
96826
28
27764
94
971
63555
9684
46320
80816
504
1929
67
34854
4453
262
75
49
842
353
5604
89
731
28936
1707
97603
91064
208
63
55
1367
37
88
29
8420
52
89
3756
674
12
27
1101
98
168
2711
244
663
33
7969
477
148
3741
27432
8462
35
7236
73
1426
72659
59295
2839
8116
921
450
913
349
85504
78676
3325
5189
7397
990
5029
1402
13
48
4017
20
447
7885
7929
353
47
3593
51
771
71859
68
6444
71
24
30
67
448
819
5379
477
953
97
59
9191
497
82
13004
2112
62701
82
85
100
16236
869
27
90723
836
893
84072
775
5256
30460
22723
416
5931
75
14
40
219
748
10962
84
466
90
1129
51
40060
2252
56074
664
6109
8620
60
43210
4746
590
789
631
30
719
96
79484
33
9078
93051
1635
15905
84745
5891
12746
56
222
4694
76
318
1937
1157
8261
315
8744
4222
304
759
726
14035
8299
50543
302
7268
7585
59
521
44180
5017
1588
47757
95428
2318
86463
9221
252
5725
5373
757
319
8859
53318
24
436
26
2212
65
666
901
90361
55
71536
52006
69733
19
1373
47
233
36953
10850
84
479
69
47501
3484
11
3887
70
72017
7994
95
23
49
472
912
17231
8469
89702
2558
2163
95
1817
14326
954
78
2192
17
2843
72
794
19364
44
4708
9241
79
3833
756
13
33
14
19672
84630
17
971
3588
480
5869
2912
528
38
715
20745
3065
60
4761
27
14000
34276
2870
637
5665
370
93
40
625
84983
17
42
84506
95
803
9490
6065
5498
71
62
51
679
40038
8870
9354
966
656
194
968
123
20
12557
2008
307
82879
21
25578
4272
37729
5631
76
29
87915
82
8438
97789
7905
98
3955
4271
619
932
8673
686
3502
480
143
37
6505
50255
589
40362
16386
211
630
37987
498
80511
39
49
37
2837
510
168
8422
18478
552
67
1894
59158
22
3387
87211
69
91
851
23088
4907
48
43
332
33
70
6947
64144
979
53871
1360
84
88
13
9385
39434
75053
64
27
317
229
5153
82358
3887
622
7240
81869
6812
946
466
6175
1474
58
8104
55
56624
33
297
68
52
55223
2219
526
991
96
46
579
21597
6818
5384
9918
209
69166
5226
979
81778
4519
93
814
847
3810
9928
412
226
2524
50
494
39
22328
1502
70
72688
43282
86644
86
90
76400
89
7497
24
90313
85
51
343
80
89
51
9083
15500
73921
34119
19178
58120
127
98
67
1568
94
65290
78
72
7798
72374
220
48
54031
8024
2514
48
49420
8501
86
90663
992
2892
286
6651
13
96
240
177
5905
5920
1702
533
53
88434
5259
649
19
213
31945
817
74
71444
20618
218
77
4231
88158
329
5791
5788
133
405
31012
95
924
963
11427
26
66
892
6708
11
5845
37198
657
91
32813
97
1421
6246
66989
148
7616
98707
26
965
8592
115
433
899
3019
618
50783
61
1267
46042
37
984
4527
10194
69310
5280
930
89153
16277
11801
13054
1749
57824
717
17274
7546
81
375
16
37
381
30836
7404
68
4154
49
11114
30073
35
226
95414
617
3277
473
2380
74604
516
13
330
310
73787
673
97365
3389
388
73371
7041
77
1297
499
65
7849
692
97187
5606
832
22
39459
2036
563
30626
62
8086
72195
649
25
99
9476
89
1226
97
77
729
5999
6166
67926
39
1102
95348
8356
82
979
9597
234
26
88
18
482
812
203
9278
155
727
46
29
6237
32
7976
11
54072
2481
5237
90814
3642
818
25235
31198
1630
317
10970
16
239
93
1315
55
286
463
84
76033
11
10847
15
99
76958
31707
32503
63
99806
955
7114
889
98
434
4564
59
15271
97441
4759
81824
94111
70
52
894
6218
90110
100
9490
8812
93188
94826
748
36
98
3981
990
15
25
16
7349
1950
70378
500
4252
6766
882
4536
428
78379
49305
30
9353
15958
6145
9516
13736
9327
23
16342
72
114
9106
52835
74
78096
79331
61
8325
53
76
3647
81101
253
83956
33915
5170
122
62471
4768
82
71047
1331
8992
93
54
6918
718
351
1932
53
720
7858
37
2708
974
12
93
486
761
348
680
7903
76683
9871
98
845
1711
35687
88785
82
969
511
70063
7302
152
1863
74119
636
6622
900
440
99442
297
9117
97
657
80
892
93422
74
930
51
85915
74
40
515
96690
7635
37
825
634
14813
59
666
936
173
8026
13
88022
546
932
817
970
4671
70662
845
93
5536
47041
41
8194
9571
5050
78
389
557
79
8610
273
545
51
758
882
953
46
6500
818
41
46
236
4555
32
48
81074
80
157
66242
484
936
685
1999
32151
721
255
4583
18
1869
77943
76
459
2343
78645
52
4302
7401
43
87357
9650
77
86
25231
8726
27632
9589
996
857
54979
919
71
13647
98
16
79
56236
10683
563
90
35369
98
534
6715
6042
196
9170
589
4397
866
294
4547
953
453
7087
7333
61
83334
2231
26
76641
749
471
75
5257
76037
4734
27041
2368
269
936
6825
89758
909
84362
2769
99453
39
9305
410
424
4542
32774
124
270
653
2919
84
54264
23115
20
9119
931
4538
70
2736
3490
263
441
96364
63
16439
568
4562
45
65657
9258
95
26572
68
95167
584
113
28
55365
239
9009
7007
5834
388
77
55
90876
90
54804
40
17490
968
44
46943
93
22238
339
53
3045
3580
88
457
199
899
31
92491
65
83202
30286
28
1428
81398
678
940
31
54349
69090
716
88113
4238
83
73870
36
56320
45648
12
29
99
74
1334
21
49106
43631
95
1671
34158
94128
91
97
260
8086
10637
166
24174
69
50
45
616
1096
6684
99828
2811
70
539
5107
74677
28458
73225
6792
81
12
2310
91
7941
9493
91
99962
55
72
2444
81175
80329
261
54
77302
97360
2121
40243
81366
2304
1155
784
1125
5440
80
26
30
1349
9563
41380
14400
72
7787
28125
47430
93
5513
68
488
79353
4656
39756
1252
178
17237
98755
51
62
264
335
51207
552
19
27
2663
77
642
71443
8053
72
278
2582
361
99675
24559
77
160
75790
57118
25
99
798
53
301
7914
58
66834
69
46812
308
8251
863
15150
26
424
298
355
87078
13623
44
21954
98555
9871
4028
8276
43
47625
841
29
9893
4007
1535
343
63530
726
946
96
74
88
19877
673
64352
17
20944
70
53315
701
54994
74310
7930
64227
7400
514
9896
262
543
3826
6207
92209
5889
52945
778
260
4305
41424
959
80412
17
50527
63529
99181
83
22
2520
242
90
375
952
79079
4769
3710
963
43437
353
576
2398
196
578
1133
9635
954
9118
760
13854
496
299
649
973
28551
303
7371
65376
88
252
96
62335
79833
7707
304
44382
2487
843
71121
4498
96880
22290
50
3359
2348
83884
52
48
612
23
43
65
8958
59173
73819
690
9184
4866
23
98
547
54130
1119
14
943
842
47301
56
75
1785
68
5371
486
925
5786
95
93496
98065
7093
2020
4920
9256
5075
112
6899
70970
8856
779
618
39
28982
208
495
50
8066
86
862
2471
254
804
55
243
27250
82667
5970
10165
996
29
8491
5333
976
24223
2565
2119
8077
32
3543
22
1716
924
13115
413
3463
8938
32777
213
87
38
93977
43
5562
72093
442
33
39
9719
9778
8360
68381
10
180
93736
7702
6239
1549
7276
7570
673
6459
1704
22
4145
222
841
31
100
1333
2854
775
73618
5525
8960
98
9170
30
666
3037
9281
97393
76316
43
1035
9795
23
33
77
62516
65
25958
240
4492
289
507
3605
2634
5331
89
912
41
100
76
883
64417
37
509
5260
74
323
26
7146
722
613
80
71460
1415
192
5986
91196
29894
74
41
91
89
41283
36195
71
10
99356
63175
600
26971
564
70571
937
93672
292
81
55
31007
1839
74
76488
5506
36
328
266
67043
8751
512
21723
4882
1398
54218
82
168
37726
49581
41861
60671
3380
161
922
66
62029
15259
51
42
564
6771
476
3021
17
602
336
991
50489
91537
5805
87
626
9487
7251
2842
77
51328
33109
55
36
1151
22
6431
60407
7817
9389
61643
636
21674
4774
732
24082
12
64053
29335
7691
37
96
65
9512
94
40419
40
553
428
20509
928
50
83361
83070
95
47
906
5261
3193
397
20135
61570
28
3528
28778
271
17205
14878
969
47
7468
937
25058
46
98382
2388
27
7517
61
60
97725
939
3137
35556
1992
138
41
837
1826
18
10
47
93421
3301
1288
1966
766
43
769
2392
56
1183
31
1130
4658
582
38440
65719
52581
48
17
90681
95
64
441
628
45
54
123
3566
729
36
192
393
809
1099
99899
36
534
1997
74
206
22
4353
12
78655
93277
67
167
7891
41901
7268
10
66191
908
919
67
73
548
20
3974
480
6593
57030
12
57
611
690
573
413
100
59
5639
87
2189
68643
40144
27
7375
71301
64
4386
1906
45878
46
5460
8232
51735
38433
2170
43
4358
8579
85283
9921
17
92
7410
11
81
915
1878
602
70683
70
7513
4880
44
60389
33
40878
5224
2323
299
100
2809
4113
46
82
1211
88159
70
77458
6531
451
699
72
450
5569
938
2382
530
7303
5889
4023
54467
223
36
32640
97
59
55
391
405
37
7389
4879
4691
92
12684
99
816
301
44990
749
9338
36838
72
76
119
278
4636
718
52092
9076
33
27
73804
1548
845
53
3042
646
28739
494
64
551
387
31452
299
877
23404
37984
95393
9129
3543
2847
44
68
7141
523
528
679
82161
13223
62
6091
5801
46
581
10759
6694
154
334
9773
34204
36826
81435
946
81732
66
71426
63
56
425
7512
51084
7151
97
87780
9753
6090
45295
117
75
78
3871
82
509
124
797
32
46784
356
7396
7464
692
209
13
74723
7863
960
77
11752
521
80
57350
15
12
16
627
30751
56436
96
846
8558
77066
466
19
407
6842
2282
110
618
756
876
7949
94875
32
40464
20
5434
5971
25
6836
187
948
26
98349
6467
904
5754
773
83841
1075
95718
5534
2931
26224
7157
116
63
401
689
61
31
721
58
1786
94838
34433
77117
49
296
87
4337
7798
16619
77
831
20
64
82
683
22023
78853
28
82
2373
79
82770
89
57
69
97
4913
150
94
1236
1888
6123
7954
67
2255
34
47
4799
93973
4127
37
190
90
2161
333
31
1376
655
48549
5881
22947
4010
8609
2847
426
3114
839
1748
8466
661
3922
839
367
6902
65
7080
49
7272
7067
81
6272
31
7405
26701
12212
23074
5147
4221
73698
72
73599
214
3698
18901
5471
8468
34464
30678
526
90
20
2355
30783
4180
52
39
209
976
8328
54
1936
7427
40397
784
33
73389
70484
26
26590
67
43217
959
5917
1146
5247
65704
9891
351
548
2885
33196
47
454
49
3634
5975
69438
44009
82686
174
41352
22
1176
58
171
9818
90
56468
92849
952
26728
3614
706
3191
36806
5784
79
853
35
8818
4749
52
10
7559
2928
64942
436
681
793
2280
66127
2488
37139
827
68
8521
354
9840
841
35687
51
244
8465
31
67621
714
58608
2099
9441
527
28487
24
4932
7300
3976
31
4925
66
1222
12231
12168
62
12524
91
21
8040
1871
982
208
95
8323
7335
2230
11
53
8021
408
8243
539
87
161
86
180
365
3633
97789
9582
7439
5858
44
43
53455
17645
82
24
8703
749
433
42888
11748
794
6903
881
64
13
751
899
27520
64
272
4126
872
62852
6628
73003
31799
62
913
2550
5050
99
509
86958
6315
7276
59
1370
7012
13
20578
1174
92
5716
98
818
287
74408
988
6383
71192
54574
2567
7117
5451
7511
849
9189
365
76959
61329
22
33
43
344
847
7378
10
733
85299
24
56
4217
62674
28002
61
432
629
89753
6944
92628
90354
38811
13
50
57537
1998
55829
100
868
1795
4306
19219
7728
8235
5511
94655
604
86
59661
463
792
75
51532
90
19
685
952
36
79
10
7014
3291
94
865
600
62875
32
460
7183
5649
6278
77
75
15674
4857
611
20
4731
36
184
6522
89561
20065
13
5133
8485
68972
79402
39
5378
9787
854
382
65088
41079
39
59346
53
39
26449
8729
580
2583
87132
18868
91
45
37
69724
7632
54555
4791
521
74846
6472
683
9147
4708
9731
37
74903
270
8859
24
733
6438
537
415
76
89646
637
19406
30
6910
59107
43
1023
609
42191
8337
6834
8564
8514
604
141
493
2936
56181
18096
24
95
13
599
811
258
4925
330
4476
3086
19
52
26547
58548
339
549
100
34624
3443
89
21
85689
29280
45
20
663
3455
3883
778
3968
1654
73
664
410
8187
864
2000
66
59436
4135
19090
7944
38
866
53
3969
2665
35
5811
85
6658
20
1941
79
630
653
534
63
1857
65856
13991
7012
6110
8121
8751
38571
74301
98922
463
31717
3476
565
188
47264
92415
48
1927
6825
1873
1557
514
8129
91204
4065
9828
10874
91
21724
7131
2729
8796
76
4910
6096
549
85753
61464
81749
598
82619
19905
968
29
328
3794
731
72
97759
45
92
87128
605
4282
50041
769
5476
7058
36144
18
29
9641
88
469
404
253
399
71309
39
3242
19
213
45768
6239
27319
198
8799
305
88715
171
78093
26993
44
3540
1787
3449
33892
76318
6525
96822
5202
791
215
3240
61
607
52964
68
64474
41
71830
924
24112
486
935
726
315
47789
60663
317
82536
547
21
63330
6940
698
29
38
215
949
47
7496
3928
8752
7440
7468
34
324
43
464
9697
9849
358
37938
7825
42
67
84326
8296
35942
9119
1979
2150
21
182
61
807
808
9179
867
21173
34807
517
209
2891
1371
88690
560
912
286
918
55
425
99
7183
9926
4247
2876
882
26724
320
7030
555
299
1573
420
898
49
5179
87
4216
269
798
72
34346
48
4194
38261
79
146
7734
9370
19298
4124
8407
103
64
5156
27
136
99398
16
296
54238
854
2764
29391
5889
5868
9171
1067
75591
2187
539
95662
965
29
3206
2150
7924
560
22
187
89
99
468
57
89792
520
35
38
90241
3170
45
20
540
989
210
44
96535
39
69
17616
811
96
1525
4925
89340
58
7448
9176
78
925
72
49
6890
187
66
37739
162
3001
624
78703
98
851
805
5231
710
762
12
674
2549
2170
520
74121
8821
66312
91185
78
50
592
903
880
93
93
4428
60
2028
966
460
67
76290
998
4900
37
871
9768
7184
731
65714
1070
1276
43
77402
48
50774
87
315
21446
9775
18428
87348
806
912
35896
36
991
48041
52398
61
416
313
1641
14116
731
26366
64
71785
93
85
50611
137
8083
970
44153
1347
6669
958
3030
3589
8471
25483
63603
8836
2059
138
2853
6584
80
2595
5443
70846
9726
9436
54730
43692
85
2802
599
6818
676
382
12097
97
23790
3612
2766
30
52748
67
19151
77411
9418
55
24825
43
81
3540
21
6720
8359
8963
95
50650
78567
818
81840
14
100
735
100
755
93
8839
851
39767
349
2376
13
2182
11042
1966
437
86
25738
2091
80413
1551
27
66816
66
39
630
368
526
76927
75
90
8134
782
7899
8507
391
544
58
83
567
78
176
93650
6050
5030
13
40
96426
29
25
9918
54
54
846
13
95
209
11731
10
7151
3690
78398
203
1187
948
10390
61134
26
420
57
74482
58
10
213
300
1919
8195
53
56
82
717
245
7692
27
58837
71
42344
6288
786
1847
6212
45
662
6504
75598
9409
14207
9746
2099
11490
3329
75
14385
47980
47
56557
98
64766
37
40828
35
16531
97
170
539
8905
78
4540
6561
88
6821
100
46
88
992
8358
77
7972
20
62
5710
5560
7466
7188
848
332
85656
23
79787
4268
786
183
7998
57
916
839
41
27996
39
61717
2566
93138
47
695
79
63007
2565
551
3453
86
6822
70
101
5958
296
216
80547
33
64182
7901
6227
351
38434
6490
65
80
18379
78550
79
1231
8409
52
49914
44
8072
9469
88
991
79
926
4720
14
9516
373
80355
30856
9575
238
4985
89465
14971
75
5072
303
32
60492
8778
6621
75904
6385
5493
60112
87
1500
70
550
661
45
29
9188
92249
95
21
775
667
85400
98457
65
51
435
756
131
62
4889
4732
5923
3799
17
2328
29773
3061
199
16
60
734
8377
583
1081
537
995
20803
3180
9794
6908
42
5827
230
12
82
43
854
45
67
4528
408
9610
74
8525
43225
14625
15785
2615
308
404
8063
23
1155
73
737
476
91
4450
41
2475
140
62
50066
105
92037
496
99
94
552
7741
22814
13
6692
490
39574
2441
76478
308
996
167
27070
46060
966
3404
79000
1737
12
3487
4126
88
273
97248
35552
266
53123
440
77331
4672
33302
237
572
8504
830
35589
59915
74745
8066
5762
62
78
24
78
80370
42
9236
270
326
133
576
6506
485
18
183
257
9712
250
3553
8498
81396
6605
36
29865
5103
64
7738
99
788
6690
32680
91
75019
41
96
5524
3373
920
54
938
81043
2898
53
61
3502
29
1877
292
7562
17
459
46471
5331
30
93154
9999
2318
88121
38
3476
684
33
24292
10
28231
43425
19
46777
31
5996
57955
60644
4471
1935
42446
86
28
96
966
961
27
68
788
723
47
156
779
72307
767
285
849
115
119
27759
82
13220
1445
12
580
47711
19
33645
8862
29
88
15
6430
30485
8882
429
189
971
693
29253
21
540
46584
31
338
460
67782
65539
1938
3339
72
261
69430
100
89572
722
31415
533
39
9849
4307
1348
684
920
81742
639
86223
209
79
34439
932
3224
416
87944
47
4623
66938
9884
21
42
3250
6583
90
592
7889
64817
872
29
48907
76726
389
69899
7440
40
64
1401
7678
62
43
203
52
397
1853
154
460
7341
1291
61
78
7024
2480
96
157
6686
85998
3924
923
31
2578
9736
929
15992
46477
3000
46531
359
9018
497
17890
521
9620
499
644
777
9235
58
4650
80
980
1608
84
67594
77
77
5059
15284
5732
149
39
66255
32
961
88321
3419
55771
4409
8592
734
587
80
704
8082
643
6736
964
25584
84497
6623
95
22896
21639
9761
15224
90291
2435
33398
2942
7984
4434
3642
35837
67
6478
4027
70585
59
12813
132
88
866
5854
35442
10025
871
22
675
21597
796
33
60
54
51
50642
694
2436
95754
631
33
6490
831
50
4185
78
74364
9143
9735
510
78210
75518
6583
32040
265
1194
8623
51146
7974
44550
81385
9397
35
58
6163
19870
441
8496
54943
861
2860
4456
99658
24804
4067
237
26
54
3405
78
2036
710
22384
33
15
129
39608
27
49780
242
99
11
5247
589
64176
279
73
48
66115
3311
82
991
3126
16380
61
1795
9995
98570
66
50781
79
4301
59970
7644
112
187
4109
85
897
6579
84
6590
8986
4242
450
757
45
127
144
24184
9406
6086
93
658
194
399
68
98817
96730
18
965
66154
19
8013
2856
43700
11276
3617
76682
7103
516
92
20610
350
42586
334
51761
17
29
27
962
43
249
27
857
10105
4036
36
6845
100
35170
7672
64
42
85
956
29
66329
996
51185
13047
6095
8769
7619
100
17
494
84
38536
4668
5535
54
299
1868
3640
77525
36432
55313
86
44661
136
340
3617
739
14350
69
44412
95208
8221
998
52
901
49329
64490
137
89
420
3960
17668
5171
45
20
7259
3090
6841
419
168
904
5697
80804
4862
20758
36402
982
85
308
8486
32641
25179
25
55
60
91
29
99196
35278
16241
59
25
3095
9405
7924
902
69577
29
40
212
6263
56571
63
10061
554
279
89145
7547
97517
32
62
5346
5774
604
83
8791
65
67137
273
5007
9378
222
40
54
436
870
70362
8576
2119
2837
481
32569
6050
39
6258
5452
1960
955
4906
407
7520
22
33665
5877
78912
16672
8437
7281
560
2891
71
2960
50
10856
9506
852
33
9442
15
76
8825
31
35
1194
68007
87
99989
14961
44339
72
83989
205
121
759
3974
37
1791
33086
6557
7982
63
94881
1757
73344
62
617
51014
26145
699
30
8102
208
9904
2750
766
7011
51
6915
503
9103
70979
80046
1488
100
5648
92737
42373
101
376
8575
78985
34
863
2889
3310
9657
133
7597
89
2818
782
99
49192
62
656
54981
56355
221
62
21
53
300
24315
32
75
6939
1158
3744
66358
96
34
28
68
50
1183
2855
26
639
85
91
6300
78
159
75550
87194
84473
17
317
161
734
924
8867
3948
761
1565
354
153
15092
5917
127
759
924
31591
617
550
778
777
64
89194
80429
52
600
214
44
5251
89616
71
37101
29
192
591
73080
3878
36349
12
66123
99
3058
46241
883
90
4533
657
36796
500
968
89
69
968
859
8471
82564
594
5881
734
712
304
74143
57558
598
90
88
937
84
50268
77
9419
538
89
133
90
4256
9765
252
447
90
9949
716
6689
71
2208
398
48816
18325
79
650
8277
43030
71
769
25527
62621
86
94233
8412
104
5400
83
7047
54
99661
7384
902
4844
82
81
70255
3559
1153
33887
611
4153
641
6071
95
163
77
9350
91
8497
70
16008
88
79166
7703
4240
86
318
894
516
63603
74
47
58
7449
80107
457
96114
3109
56
7910
58
50911
95323
74208
318
9705
337
974
46
57716
5665
21
26046
98
48032
80155
707
86
90551
20
56784
80
96143
51372
186
54
121
94468
48
504
767
91
96
10540
24088
42612
8051
76
5457
1154
13
9004
90
9952
63438
32
91873
7078
2825
19259
855
86367
6266
39927
95
98
1532
61530
8604
285
35
12
21
1858
160
100
49613
6922
792
37
49
4365
49
6861
9311
774
87
70413
42417
12636
255
4846
96151
29669
75539
46635
76
6500
12
100
8705
867
90
66988
164
65
100
133
98
98762
734
85030
280
559
54
1751
93924
69
63030
29
7378
3832
2363
196
985
8978
7597
44688
23
6393
632
29
5947
68
37
7276
749
7021
52
629
86
75156
54
745
36456
593
16
134
393
24
4784
20
17
19349
687
79
8701
6313
6313
6861
76
595
57960
9654
459
411
357
99
2825
100
184
63023
864
11908
35272
1343
789
18387
7643
70
47774
11872
992
151
488
938
782
66
77520
15
62265
35978
38048
1093
74
42
4271
5029
65
66
11040
16413
1297
57
42059
20778
72
1204
64
9102
3491
6673
87
5951
80
3540
49356
761
14
7755
474
99705
845
72851
3573
755
6773
984
3746
89504
967
96
941
31
986
58174
498
2438
490
59
760
299
155
861
3680
27
15
89
139
3889
9386
6860
16
5424
7504
4238
35
86
470
6827
9691
252
7058
216
613
27
5942
1400
26
6149
711
7412
4643
73
53160
97283
780
8273
9612
63
4134
25
3310
17
222
7144
4122
83214
6027
29
446
649
8044
901
57
63007
99
8180
255
64
327
6203
45
294
66
517
3585
90233
77174
988
6669
3973
28431
2851
11296
8100
3075
1619
7091
78382
79278
427
2098
642
70
498
92
833
96450
188
37
7889
35
725
498
11
13008
88
68
100
80
11
6733
57
50926
2049
72558
62
72064
14
82
64503
69914
191
744
96182
9538
1207
84
507
9670
7396
5807
262
264
514
204
14017
22
74
32
280
92
48
424
23
28
2947
78278
58
22335
24775
34
45254
4066
909
967
169
9562
22126
903
90
419
944
977
4222
92601
47
5310
75809
7941
80
223
563
74770
100
15226
1963
4414
98
410
9264
332
470
876
35
71
58
46514
27
630
61
187
31324
53737
743
87126
36639
11029
967
7469
983
68
32
880
7460
40
2485
4558
158
577
89461
86
508
98
55
60704
1893
265
4744
34408
97
80
849
659
483
49
16
7685
27564
49856
893
10
1561
5872
192
22
42
83338
615
190
8009
1293
2016
98794
82145
25
96881
326
31
20462
781
338
88
52
172
228
88117
9525
733
405
878
97570
676
67516
709
36058
86
832
99802
35979
27
98526
94546
634
926
28
35
42447
2369
1055
2652
9741
66524
9480
93
58246
1513
714
89
65
88
96526
5315
26206
29062
33201
44
6958
81963
8032
61179
932
7564
96
6935
384
8959
195
4493
73
580
3552
848
90
3704
556
40
980
72110
569
51
80785
520
4167
27
9644
3399
26570
395
2612
56
10
14342
373
7704
5530
4234
832
785
43508
39
99
44714
6847
5255
448
722
9238
5109
93868
549
16
5977
8266
7747
12820
4345
34
95
31
12
2945
28
26
2506
38
303
17
45
63
81352
74779
1743
852
3094
18
966
550
39
243
216
94
508
30562
67
900
10
554
8585
782
912
62801
34974
45849
93829
85
13
60
87813
941
46
58
7370
798
75170
4037
536
78
91
9361
84229
77849
91074
838
405
6808
68908
6387
254
60
16541
62722
832
9352
73
77
18
68
66
70
94362
91412
684
412
6260
8171
5342
92209
128
19699
47244
72755
49865
57858
2076
408
525
3132
495
2700
773
7039
33297
79827
12
3076
8218
15300
49
23132
73
56059
871
3580
383
4007
8166
15
3755
669
82
290
96
33409
96690
353
8492
8169
4762
85
26
47047
733
90116
53
22045
5615
79709
29
2596
5299
4073
76005
6596
75019
799
47
4776
669
406
68796
73
43216
305
13
497
67
68
54
55
988
25
3401
3527
325
453
77
1255
8279
592
51943
496
18
675
69
185
904
1072
15789
57
34312
293
27
9840
20
33371
6036
22241
828
8348
5943
1852
871
5287
112
12870
72
91
725
4823
72
8302
7674
53501
5486
83
5239
76263
6469
40
5925
180
98
96
8282
67
179
84
374
92355
9026
3757
950
98003
4814
9618
9224
424
215
119
210
59815
4312
27499
501
40
569
50
21
23
1773
74137
517
23
22
45
9544
9502
729
68
61
54122
31731
479
55502
540
91299
74
68
99
23
4398
69423
91
363
1801
7548
9513
41
3288
9079
34941
579
121
239
481
30933
320
69
