1000 100
299
361
192
501
376
74
360
50
696
233
146
374
696
66
49
604
416
145
180
358
427
311
66
15
660
542
378
770
81
983
428
437
654
839
576
483
241
365
671
312
238
11
776
110
338
468
513
318
483
181
396
703
997
264
970
22
249
348
801
370
53
795
547
75
185
596
345
9
342
700
24
850
823
730
193
222
105
672
671
267
616
507
558
922
928
551
195
863
128
801
701
561
32
930
256
88
467
650
596
979
114
504
69
448
424
665
676
940
922
577
393
796
217
535
189
799
233
869
676
188
534
613
818
483
290
966
219
377
976
790
890
674
782
921
208
648
315
565
548
40
91
326
819
203
821
681
580
175
555
607
15
695
190
85
583
314
229
573
993
573
724
124
426
425
811
646
331
258
517
77
525
982
480
909
84
504
931
244
361
223
449
364
162
809
443
138
455
628
424
385
739
572
313
818
828
209
948
550
672
122
235
940
648
639
21
995
213
925
529
47
533
135
992
447
12
72
621
935
555
295
527
236
222
636
176
780
623
480
58
512
685
981
716
357
267
587
479
144
234
124
754
924
127
914
590
141
159
653
376
82
267
549
762
675
289
60
663
837
905
604
791
56
767
860
842
334
511
657
311
404
506
700
549
949
439
281
82
882
549
926
607
772
921
911
167
910
895
500
481
906
744
48
391
731
942
361
147
804
773
9
632
390
181
861
2
256
19
265
107
207
321
28
690
966
542
469
524
739
674
146
161
743
524
767
300
729
166
93
974
80
280
330
79
927
62
274
12
844
729
468
535
749
279
251
213
992
560
5
720
562
941
994
906
640
128
340
270
996
214
202
714
277
146
258
742
145
355
812
974
391
365
338
340
778
705
201
184
935
107
315
454
681
203
47
646
408
366
581
552
750
939
893
159
134
823
723
651
140
658
81
659
903
859
418
288
769
520
828
127
198
592
330
480
34
658
581
981
224
564
381
838
592
612
836
337
338
388
13
69
528
20
203
678
744
716
662
597
593
855
762
702
140
740
967
459
759
123
387
179
75
745
872
935
536
300
663
674
46
264
862
368
490
852
123
133
571
328
625
443
322
200
961
845
199
529
755
719
100
286
877
148
949
505
437
291
788
511
421
394
866
159
514
710
200
340
298
736
319
929
382
804
128
361
402
375
791
14
39
204
939
784
238
41
298
201
373
316
462
866
519
686
145
197
702
1000
343
807
832
851
361
9
592
493
232
24
48
180
450
60
633
267
43
388
936
195
113
779
961
40
687
232
869
422
525
193
924
843
608
865
185
844
590
265
386
205
9
511
394
161
25
722
869
514
596
880
172
551
995
957
647
192
610
432
817
142
717
200
72
545
185
964
887
28
228
189
116
496
690
641
544
442
881
635
909
676
499
438
770
46
33
430
135
287
934
996
317
311
891
3
404
984
592
644
702
740
588
898
651
194
558
996
800
458
632
733
646
756
914
371
799
990
386
803
382
488
51
339
172
611
949
698
15
980
378
740
613
219
343
246
463
137
190
851
225
443
293
115
496
917
484
878
857
948
501
212
516
733
364
216
50
274
84
748
101
751
675
784
812
334
576
580
935
122
346
178
282
127
479
664
453
724
862
568
935
448
726
174
883
283
997
266
934
489
477
718
67
717
770
115
678
375
565
816
317
598
945
44
76
302
952
988
464
911
738
979
884
450
976
783
46
455
697
554
461
31
713
563
2
515
291
794
332
447
311
361
518
985
190
496
976
852
357
75
520
503
358
672
335
770
437
802
864
688
917
273
28
760
955
494
417
709
646
268
189
482
826
405
845
121
228
873
979
5
906
835
353
625
98
325
769
32
730
239
83
298
36
980
350
297
74
195
288
97
867
889
838
656
529
110
672
726
76
16
594
446
206
557
891
500
236
732
396
101
671
811
816
218
962
274
960
693
974
720
182
510
375
425
814
153
5
580
820
424
133
710
839
237
780
107
707
925
330
391
813
933
531
327
649
602
871
219
591
856
760
47
57
67
355
418
460
209
550
439
956
310
863
814
88
175
788
731
923
296
855
287
512
445
368
858
170
725
702
660
900
557
218
702
524
937
244
813
587
754
410
466
738
78
295
284
430
712
343
773
450
242
786
584
518
299
664
867
333
541
173
789
994
168
777
586
900
835
215
332
866
537
721
346
546
10
243
651
668
592
89
606
224
896
235
826
605
774
508
354
80
723
823
392
747
928
103
172
187
321
296
927
239
58
986
140
88
799
1
798
999
142
42
208
608
671
580
65
32
572
923
547
801
385
126
268
311
