1000
3981
8573
7953
3605
4803
5504
9296
3675
1077
4752
3893
7166
5113
8319
6983
7247
2548
5193
2971
9663
4361
9631
3456
8674
7047
7016
9918
5012
1896
8039
5403
2627
1615
7453
5732
705
637
1759
7901
5093
4281
6901
8394
6068
1124
2535
4047
7397
5669
2548
2089
2320
1244
3049
9166
7082
1296
7148
4119
703
5005
2833
3118
36
3661
2979
4641
3540
36
4066
4698
7246
1880
5061
6325
3342
5329
4132
3937
4981
6169
7582
3020
8954
1008
3555
3385
1707
6954
2785
2157
3255
2875
1799
6965
2459
9830
1192
5620
5660
1038
840
578
5325
9066
5871
5648
2632
3096
1454
7537
6847
2775
2436
9201
2091
974
3059
4200
8023
4964
8060
2654
2064
4339
9372
7774
2357
6998
9323
6663
1850
2191
5184
7687
4561
7205
1540
5249
4556
6238
6426
6229
6573
2089
7892
6864
2654
8733
461
4676
8668
5731
8048
7328
7999
7276
7506
6874
635
5225
9355
34
6828
3676
2282
6226
8170
9274
8870
763
2231
317
3107
3277
2498
7930
72
1890
3646
9559
714
2223
6921
3815
2798
6506
6093
2106
2187
4689
2422
5014
3243
8549
1233
7843
6447
6008
1237
2415
3942
166
950
4893
8215
173
6206
7699
9066
3744
9773
6891
3120
9155
9572
6374
9962
6511
7270
5755
449
159
3084
8636
6605
973
9044
3865
2579
2710
4364
2739
5607
8693
3696
634
3939
9322
3103
3711
3910
3259
4026
4321
2240
6181
5785
3146
5815
2975
9753
5280
3176
8037
4896
979
5544
7371
4675
6077
3634
7436
1644
3114
8189
9279
9775
8012
4738
3341
2765
9219
5513
2554
2350
5324
4503
7926
7537
9670
2043
1663
3204
7609
3047
8635
4085
2886
1899
3627
2976
2461
3615
5707
615
7081
3907
8806
4452
5980
5701
2655
5688
5212
5471
5023
5520
7744
5744
7227
5949
3367
615
4931
6602
412
5011
7569
6415
8006
9416
1324
1397
9222
9499
3223
8268
7703
1764
9
3745
4261
4235
1088
7043
2827
2793
3749
3803
5269
3805
4813
5476
8769
7898
9310
787
3729
9594
2946
944
9947
1594
5426
1685
2805
9327
3472
2678
1881
3223
5023
6322
4861
8372
5467
7107
6819
5966
9449
6987
5800
8666
4457
1543
1192
7286
6286
1668
7141
6060
1437
7342
9115
1301
5097
2227
55
2809
5023
7416
4021
8297
9244
5461
2779
400
6482
5136
7274
5188
7612
337
2911
5364
19
8962
3935
5016
6718
482
3872
1948
3917
9647
1695
3458
5215
5368
3207
1084
6039
7748
9273
5809
8643
3735
5171
1206
6351
627
6622
6813
394
6187
8812
2092
291
42
3026
1319
9977
698
1600
9040
2688
8741
1560
5816
5972
1026
6953
4992
1594
392
249
9816
4116
646
9376
1742
7183
5188
6703
734
8904
1070
7636
976
8475
3446
879
7056
8174
9654
4467
7044
84
9502
2994
3170
1511
8977
8888
452
5042
218
2525
2898
4839
743
5459
1849
3969
2434
2174
4003
7466
9056
5972
7205
4001
427
5329
719
281
1514
3255
6420
7083
5008
1056
1440
9734
167
8149
6383
1230
3516
2336
3903
4260
7643
8875
1215
3816
7655
4512
6416
4989
5426
9562
3236
8840
5546
3159
7566
5471
2843
3053
7998
3273
984
3067
4964
6073
8745
5103
3236
1859
509
8540
7395
9102
2943
4073
9566
8455
6702
3326
5877
7951
8780
4818
7634
9939
6844
6303
5226
7571
2676
7885
7571
36
176
5385
7584
5657
2369
8745
6854
1010
779
6
2390
5334
9422
9397
9766
12
6374
8139
6856
3351
8564
5132
3519
1466
3204
4728
8888
4860
9249
8458
4725
3783
5046
6079
2749
8535
3213
2419
3528
3173
5808
6221
8031
3844
9984
8411
1097
2544
5023
2795
4012
5367
5211
2980
4063
144
7035
7065
3759
1306
8688
8833
1944
5241
3827
9040
6235
9742
9780
1282
2919
8366
2859
3217
86
8067
5934
12
2755
8342
4353
4512
6114
7862
8770
2652
4134
9809
5039
1391
7255
7958
55
238
3540
2898
2990
8369
506
1240
8191
5033
3815
5313
3437
82
5186
9714
4475
4408
2749
9216
3697
3548
2488
2656
1640
5215
8250
6362
165
1040
6156
4476
8313
8705
3943
1252
5241
8055
6517
3122
9513
3691
5028
6844
5484
477
2859
3299
7947
4468
2560
160
608
2698
7585
4953
1291
7483
7965
7786
5622
8276
9493
5731
9715
3453
3691
4081
134
9075
8858
7654
4998
482
865
8711
5141
3452
5039
7509
484
6554
818
8073
9348
3254
5374
1896
8640
979
1596
1638
8033
1845
1222
6313
5478
9323
2028
4400
3098
3389
191
5314
7295
3858
5026
4373
2447
7140
8806
5659
135
5061
5777
1467
3910
4077
7723
4176
9934
5890
5856
2202
7138
9816
6687
542
675
6610
962
5179
6296
5932
3714
9214
5888
1765
3775
6727
3615
5067
1310
237
2624
8209
831
9188
8376
1842
6917
3212
8597
2703
1438
4773
9057
9551
5484
3911
4938
9107
1138
63
7901
9758
7383
6215
3457
7729
5227
9361
3986
7992
6234
1595
948
4889
3260
628
2832
8344
3452
4648
9871
435
6241
5465
1345
1753
2741
8974
1129
9570
1718
1974
3991
5104
5954
688
8257
116
5330
3992
8091
5208
8800
7024
2542
3607
1192
1075
3475
776
4141
911
3766
1574
7244
7470
7683
2108
4671
6168
96
7807
452
3339
9834
5622
4131
3187
8745
6462
1500
6910
8046
4012
6540
318
8072
9890
6620
2400
8004
304
2580
2110
9452
7755
1344
4998
8028
1846
666
6448
7979
8780
7113
2395
1615
2968
2901
4445
8110
1009
48
3113
2370
4940
6699
9170
6236
4569
7822
4729
2304
1468
4636
6123
8007
7159
6229
6468
5593
7042
2210
8414
60
3555
9863
9514
3173
5467
5858
292
1105
9612
6085
9654
999
2060
5964
4622
8344
9104
2387
1225
8741
2303
5745
2019
6963
7326
3600
722
9342
3282
6666
7042
9634
4643
8057
7882
2357
60
8229
7101
1256
6749
5634
7686
944
