2000 1050
317
122
1483
991
344
1038
382
692
1042
1198
1130
1393
1915
374
1512
780
80
87
1946
936
1900
1004
799
1820
685
998
1367
536
1796
1942
99
735
1691
1350
472
108
552
257
1273
459
1277
467
217
199
1243
471
245
237
288
624
681
77
1091
183
1042
1592
1424
964
1696
836
1409
1322
449
1872
1544
847
1083
47
1091
1315
1160
1101
954
1875
827
1025
1980
216
1477
1288
1315
431
220
1144
1304
357
1691
1141
613
1580
1843
1026
1282
1258
521
726
1928
139
1279
1593
1174
479
865
1858
298
568
1497
596
268
411
1514
161
975
62
1092
1241
1384
1226
750
362
479
1986
1940
536
1706
1054
1901
908
1016
16
1776
1984
781
321
1948
1913
914
635
1851
1091
1647
1351
1627
119
1640
1215
662
897
1652
1183
943
1976
1803
1831
1812
1939
296
603
1754
1719
696
1079
1533
622
1346
827
77
1135
143
284
1016
767
1545
750
660
790
402
281
1931
443
445
54
1979
692
983
1726
1288
94
1592
935
818
798
872
521
1479
1634
1577
778
349
1868
1150
1648
1296
749
781
1592
1859
466
4
1341
1894
1786
1014
1545
923
1004
329
1998
1826
1092
1548
471
1816
637
407
1502
613
1052
1005
1592
225
546
561
1090
1400
47
403
1375
348
1959
321
915
1607
1454
1182
216
1432
1865
1172
1303
1606
1979
1227
1609
297
1590
1854
1328
138
70
95
418
1335
1966
930
987
28
1037
1663
1333
1648
779
445
438
258
473
629
1140
1618
286
1954
1482
614
1131
1454
1300
1140
1843
1305
352
1094
277
1417
658
1433
1579
274
1371
1058
1960
1305
1086
1038
658
254
1363
1453
298
411
1012
1626
274
1131
241
779
1590
261
1447
250
1407
569
1911
1482
1185
346
480
1367
128
1282
99
1096
1971
1416
1638
1164
1528
1750
1905
253
979
874
1639
1781
527
853
1948
692
1158
787
1894
722
1769
23
757
646
713
1386
1068
557
873
1466
1421
1192
113
1543
1684
480
470
655
662
1222
1712
198
1960
1270
210
666
6
1330
1149
317
1562
1581
1921
362
1997
224
685
798
1177
1342
512
1415
1187
689
1943
424
1687
714
1717
1486
427
508
267
598
528
1935
1727
590
1730
707
844
1593
1736
1038
606
573
245
1704
1052
173
1240
745
901
250
1518
1803
155
468
1665
1736
871
662
327
211
869
1808
1773
1665
1886
434
771
241
1285
1082
355
1150
1517
842
280
1146
1861
387
1702
1859
670
1198
1283
434
1220
1626
1469
192
1972
509
1902
521
1182
188
9
4
490
1893
604
68
394
1265
1873
1194
66
1386
947
420
613
725
1818
1355
1019
568
450
855
1263
824
35
440
1028
1868
128
683
1189
1588
983
520
1713
1770
814
1446
1571
1608
453
1883
292
1189
974
275
1271
722
1566
1369
1683
784
1697
1963
1258
1155
1350
1162
882
1871
1982
1019
1531
1023
441
645
1353
1467
508
194
487
1882
525
1493
1939
1624
1200
1030
1100
341
33
1466
258
1532
1199
1662
1392
1912
620
286
77
74
1010
65
303
1661
1019
1944
35
659
169
999
1708
320
551
1520
1248
732
1687
1
1291
1687
977
1900
1403
1888
1524
1985
1014
1804
1121
29
1626
10
1880
863
1512
915
1243
521
439
322
507
1131
722
1757
1809
167
467
872
1746
1403
1695
359
1683
1786
778
479
1077
892
1714
1904
1408
981
1500
276
233
1547
1772
1652
262
1007
1665
1348
209
1961
1059
130
1463
859
110
64
1008
1654
371
419
1705
1300
540
1701
1745
1878
1740
1692
524
1969
1133
435
1531
1899
993
1859
1447
798
254
1048
1321
1780
546
1374
1083
1444
654
97
1321
1543
1284
1711
296
1268
1587
1907
1634
1564
463
1987
1247
344
156
1725
1010
759
1633
1644
604
540
303
372
109
23
417
901
1138
533
81
87
316
935
1179
1892
284
1486
696
1115
1018
961
1427
1053
1924
1303
1979
366
1076
1243
1093
189
259
1762
1297
697
902
669
638
1312
1320
1408
860
874
386
1678
1845
1628
1161
1685
654
1525
1087
1983
1534
1010
1726
1286
122
1487
1399
997
1498
1144
1969
1448
627
864
1832
1815
1187
1826
171
739
1441
1821
547
1083
427
837
1481
1001
650
1582
1094
1397
1178
640
1602
993
282
1884
180
376
287
672
355
1195
1570
1118
872
737
1854
1162
147
1225
892
1922
1946
1786
1967
1665
1844
1057
1671
1690
958
1339
1184
1833
1592
1461
696
1309
1656
1866
1389
896
1728
1770
1774
1730
1126
445
1748
964
994
842
455
1307
1774
1132
613
1412
1845
1491
1534
1516
790
1900
180
1194
1320
1750
1139
1818
1493
30
201
1005
1438
307
1035
921
1881
1955
1975
192
1176
1617
445
1208
1935
1836
1097
1107
264
1981
1006
871
1399
714
333
1707
1373
128
1905
431
1616
1812
1160
1831
567
949
1449
65
767
352
346
767
386
1836
344
1718
17
1735
715
284
167
1284
26
331
1978
1625
1558
1302
993
1666
259
1212
222
1877
1989
1352
1339
1476
1357
1239
886
1541
1433
737
66
387
957
1207
779
893
1686
1423
97
751
1764
351
1979
1548
1031
1075
1131
1681
1072
537
99
1586
1475
1193
241
1080
1768
835
829
1471
1846
1901
1850
1658
1985
602
417
360
216
60
1941
1647
227
1431
904
171
1507
1351
1059
548
1028
536
439
938
458
1477
239
1270
1120
193
200
1667
1934
1001
222
1186
453
741
105
238
1976
1517
1276
427
1201
708
1652
474
816
685
1203
249
673
872
1463
1618
1131
1126
1481
466
248
1809
1620
553
1390
995
1681
1859
5
999
438
1265
1597
1028
598
978
1422
1837
983
144
285
1099
1546
1224
1703
1289
1013
1509
1367
739
1155
1039
1501
731
1980
1370
1065
1296
28
128
253
1863
784
394
635
1685
1594
1871
1509
108
74
1108
131
18
1211
1322
1551
1266
1971
1770
836
1828
97
68
1493
1622
716
971
1832
604
1858
94
1432
714
1113
1030
1101
505
464
6
1970
1867
1060
565
1987
1095
1605
1989
1067
938
1353
1591
1775
1347
1379
739
1529
1200
1646
1114
1810
173
347
687
1190
54
1939
1666
737
462
1198
531
118
1846
1777
1704
200
509
277
159
1005
1971
1106
685
1078
1759
506
1728
1537
1933
1500
1002
1935
1029
1377
307
1244
1395
1874
972
1709
386
561
1708
574
1934
1714
642
1969
1317
1874
1727
1803
1748
1190
1943
671
742
431
1994
1325
1380
564
1873
368
1745
1332
1458
329
1404
670
1822
1420
14
1529
1443
1900
1269
364
1628
1625
1923
1922
1560
194
1483
1614
1591
1324
1245
1878
346
1786
1782
1416
1894
1395
1026
1871
200
267
888
163
972
869
480
1543
1318
1915
1724
666
359
620
819
1620
1624
1483
1989
534
1733
1901
966
1278
1181
1816
1843
1004
268
738
1755
974
414
469
1940
278
338
1574
1232
304
126
1449
1372
1860
1508
330
1173
781
60
1810
64
670
540
10
1552
1881
1321
1845
1319
859
1378
173
346
1204
1072
332
1360
1954
1298
1456
9
1447
1509
1731
349
1628
654
1065
1750
1588
1123
1325
1405
1813
1253
492
352
1700
1887
635
1966
1870
1965
1753
1872
1983
1415
1107
832
1677
1787
1317
80
1607
1708
1177
322
1866
781
532
347
1159
1879
62
989
1447
205
250
1896
1641
873
1477
427
1946
130
1494
1562
1352
1359
355
281
1838
687
1934
947
722
1565
875
1561
1786
1023
1517
954
1284
1029
527
307
628
1357
310
1173
1183
1160
1574
1677
304
910
1950
1479
1404
1653
635
725
1706
708
1254
1429
1297
1347
88
1038
1407
1467
303
1584
281
5
1770
1655
1724
462
1867
622
1107
742
1730
989
1253
1831
147
1655
204
425
464
1670
1243
804
1298
1002
1562
1214
3
1439
1451
1934
1442
1531
520
1672
1939
1359
1063
744
1582
1031
204
621
1689
1921
1934
1091
1247
1157
1895
1352
98
434
111
1745
1690
934
1157
479
1795
943
1813
1526
1375
1387
151
874
307
1087
439
1450
1540
156
290
1182
427
1201
1385
1124
1392
65
1631
1104
1289
1841
419
1119
1424
968
1054
1434
575
1246
1545
1061
687
1608
1537
771
1497
1562
1066
700
1740
26
670
1298
1106
47
1836
1389
364
564
1425
1336
1496
1086
1456
1803
1650
500
307
1823
1960
1503
1124
501
265
1257
1564
958
1211
1286
1387
1763
1829
387
1285
1390
1295
1056
1495
1532
1239
1242
1889
139
147
1997
1066
333
1934
1387
854
1612
287
239
814
1356
1356
1448
1917
1121
1946
1743
961
1626
286
1373
1862
1150
957
713
1104
220
398
1496
1708
1531
1432
156
1387
1671
1115
295
1397
1064
1091
362
1718
700
1121
593
1292
322
1162
1061
908
1743
1326
958
1228
900
1550
749
451
1274
133
458
998
1993
1814
193
1276
1966
125
739
1112
872
727
1772
1281
1778
1522
1127
535
1081
1443
1005
1425
617
1333
573
165
1793
520
1372
742
1950
1192
442
1411
1479
1962
205
1120
983
662
1324
694
1978
1175
235
500
737
1231
1156
904
1070
1820
1629
1433
1461
126
987
1908
886
1421
1951
971
938
1396
373
194
285
333
1798
1637
1987
1562
527
1216
339
1848
1430
824
1949
1786
333
1420
1028
451
1766
118
242
1677
1985
471
1486
1415
161
1364
1182
1810
1363
1476
1753
1134
1098
1708
85
1169
660
355
1764
594
121
913
1164
562
126
1780
971
1275
1241
561
735
1861
1433
1482
787
662
926
957
1643
453
1747
65
1173
360
1533
194
1597
564
1581
1243
1197
1799
1933
274
1185
1384
352
1981
1585
707
1579
757
1095
1497
658
165
1582
820
1305
1567
1595
1120
1347
1701
1547
1809
205
425
1927
864
238
508
1890
556
233
646
1643
798
219
1546
557
1322
387
1879
1584
1714
1200
216
1395
946
1980
1312
1283
790
95
1030
1947
1593
1756
1271
1487
1497
1420
257
1065
1723
450
536
1078
111
1095
1537
1959
1783
87
1199
629
1282
201
1276
1294
389
694
123
1029
274
1240
710
81
62
995
1959
1398
183
1329
1642
417
383
1510
1012
1648
1808
349
1392
807
1804
1624
1892
220
462
838
1162
1199
1260
1217
1973
1679
382
1432
1455
1940
1158
200
1619
416
1718
1638
1006
1727
431
368
1962
1723
1935
359
1952
1152
1213
1236
1558
1489
1460
1927
1592
1824
1533
360
1220
1152
1147
1687
981
1079
1163
888
1692
824
842
673
1823
1537
505
1159
915
479
1403
1167
915
714
1878
651
1715
1056
1110
1037
1775
276
1503
795
1732
268
1687
1849
1832
1206
1102
1272
795
1138
249
555
1288
1152
1661
1012
1637
16
1314
1177
1782
1433
102
198
1139
1104
1363
145
1739
409
1207
359
1893
1455
1631
254
1241
1496
1736
1829
1658
795
97
1896
750
229
1496
1056
1148
1543
1159
904
1263
1430
567
1081
1452
624
1332
1737
716
1944
1760
200
474
1164
1494
1588
1056
1399
1541
1782
1897
1208
1885
1949
1652
1876
672
1494
1135
1280
1638
1847
1093
1399
910
