9997
-9134
1168
460
-8683
867
4119
-5788
4923
5636
7877
3297
-663
-802
9392
8243
-9258
8760
9931
1288
-2219
-9938
-2505
2679
3325
2821
-6260
-1891
3727
4254
2330
-2880
9427
1540
-4349
-2274
8354
4969
-7724
936
-4186
804
7874
1471
-103
4683
-3720
-4454
3697
-6192
2464
-5216
3799
1260
-9908
-31
2477
3811
1111
-1972
2273
-2282
-1438
-603
7936
-8232
2287
8528
5305
-6867
4764
-7510
430
1068
4295
6771
7616
-3670
7506
7558
6417
5892
245
1415
-5652
4748
-9502
9772
7608
8655
-7576
3941
6949
6642
-4141
6361
-5458
-537
4933
9706
-3084
-5583
5550
6012
4214
-9442
-4930
6127
-7388
5507
-9043
-7973
-2792
-8485
-3366
5889
6419
-979
7878
345
-9134
7457
9042
323
-9634
1332
6432
-2041
2324
1825
-6199
996
7683
-1202
-5353
-9395
9476
7504
-2308
6691
-9349
-5336
-1102
5425
3157
3062
8301
5256
6389
5519
2314
-6045
2031
-5669
-5942
-7813
-5608
5803
-4852
3084
1668
-7335
-9466
-9849
-558
7130
6164
9793
-9624
4895
-2500
-6654
-808
-9391
-9232
145
-7079
5977
1969
9860
9876
-1527
-3139
-3419
5262
6886
6507
-6251
-4550
-3840
2308
-8204
4472
-6771
-9143
-9120
-5349
9958
5940
-6020
4491
5482
5815
-30
3560
99
5869
311
502
7522
5923
-8848
-9567
6929
3018
1833
3164
2198
-6386
6875
5957
-5231
-605
6957
8850
928
-8740
-9051
5818
-3061
-3263
-3713
2813
-1073
4961
-2602
-5848
1217
6427
1925
-2314
-4190
2558
4809
9741
5620
2131
7908
-3360
-981
-791
6001
-9424
9607
-5574
6942
-1871
-3877
8883
-5840
2727
-1000
-2462
-4665
-8335
-3062
-1148
4715
-5890
8411
8868
1870
4192
118
6236
3665
3184
9752
-7224
-5016
8826
4220
-1602
2119
1631
-1394
-7592
4386
-4634
-631
888
-4890
-7078
-8759
-5594
6005
393
5308
-460
8
-539
-1402
2115
-3836
-1108
4250
-3989
-6139
-9893
6177
-5210
6633
-6995
8750
6894
8950
-9025
-8656
6491
9858
1636
6772
8897
-4311
9623
876
206
-9122
6542
-4584
9762
-8421
-4376
1107
-7618
6894
-3066
-4993
-9237
-7394
4704
7867
2409
9077
-3383
9710
-8086
8471
7858
-8219
3079
1600
-2010
-4349
-3301
845
-2317
4397
2493
4499
-5235
5822
-9883
-7167
7653
2631
-5123
7402
1952
2720
-2399
-6739
5445
-6240
247
-260
-9591
-3767
4480
4968
3642
3366
4179
-4722
8135
-5455
5278
-6914
6048
-6210
2411
-7931
-5581
1987
55
-4586
-3327
-5820
7583
967
9677
8961
-4268
-9323
576
7532
2105
9390
7469
3307
-8566
8229
-486
2361
8325
3813
-4082
-6560
6555
-3225
-374
8691
8540
1677
502
-352
6967
6793
6284
-5479
-8355
1184
7527
6151
-2727
-9078
-196
-8346
1286
-4682
-9555
643
-7301
-3693
-8901
-5671
-3387
-5233
5996
-5673
-8253
4131
1517
-3736
5715
9777
-3516
1525
-3582
8670
6174
-3360
-7702
-4854
7996
4035
-9799
7593
-6807
1459
3313
-5343
-9796
1782
-9899
1329
-3308
2647
8105
2777
-7354
2632
-4313
-6365
-3773
-6032
-1563
9856
3929
7148
-4576
4978
8972
4623
-4410
180
-7228
773
-508
-313
6038
4643
524
6097
8497
1793
2253
2138
-3741
1505
51
2379
5671
-1464
394
2674
8949
1538
-4962
-7426
3390
1615
-2405
2842
1816
-2634
-4039
4378
-1126
4920
-9378
7051
-6633
-6181
1886
8861
8494
8318
5805
6190
-9332
4420
-4086
6972
8605
5074
-154
-1646
-5185
-8218
78
8381
-2018
1665
4035
2312
-8254
487
-9518
-9227
3738
7414
1305
-5980
-4816
5609
-9084
2489
4113
1676
-8996
-420
-147
-3047
-9591
4096
4826
-5682
-5974
1801
579
-3322
9161
1781
56
-8481
-4194
-236
9019
8998
596
142
103
1949
7755
-5660
6709
-6104
-9431
-5737
-1540
5613
-9507
5934
8678
4197
-5469
-5797
3365
8060
7280
7329
-4387
-5460
2675
-5825
7869
2431
61
-6359
3458
-9677
-6063
-4631
-8213
-1634
8156
-1856
-7280
9204
4310
-9302
-3948
-2029
-4884
-5489
359
9770
2857
9431
8255
3884
555
-2130
-1128
-3112
3152
1543
-8417
-2548
-9927
9772
1347
-7704
-662
-1313
-4996
5923
5262
8660
2884
7900
9495
9639
-6391
9480
-6243
-3489
3333
6070
-6896
2593
-356
-6175
-1390
3462
4144
4669
3499
-3090
3691
-8105
-845
1639
-9289
-2077
-4873
-2453
8286
-6828
-3610
-5825
-705
-7491
2443
-2112
7607
3667
7539
-2710
2944
3669
-706
-6839
-6047
356
5493
705
-9451
8353
1698
8801
-4828
1717
5601
-4949
2483
-3134
5178
-6863
2892
6801
7123
3156
-1293
-8137
984
2111
-4135
21
4047
8389
4586
6292
-7414
-7940
-8433
1362
-6207
7822
7266
1213
-1009
-72
3994
9926
3078
7949
1665
-2291
-3234
-1529
9849
703
8974
6394
-3467
-5509
5659
8979
-782
-4349
3319
-7238
-2517
-330
-317
-5036
5263
-9330
6486
9553
6328
-764
1707
-7477
-665
1339
8091
-4587
9986
3300
-3673
363
-8598
1985
-3402
3093
-9639
-5408
855
2570
6150
-9024
5705
6776
-5860
9230
-6354
7271
9604
-7262
-935
4053
-3580
2897
-2709
-8760
-5589
-6297
15
-885
871
-7633
1909
9256
-4344
5481
6563
-4840
-1978
-1175
-9077
-7950
3892
2165
-5334
-7354
-713
5043
-2181
5548
7721
2923
6375
9576
-7242
-6066
-4760
-6584
7182
-923
-3383
-1318
-4562
-7562
1724
8957
3768
-7823
-4907
-2630
3009
2053
8769
3801
6208
-2478
-8971
7183
1372
7579
-2580
6039
-2834
2837
5010
1572
-7802
-5410
2642
6596
1986
-7882
-6791
224
9557
-8111
6619
-2735
-4249
-8624
9417
9727
7758
-9734
7414
-3623
-38
8980
-5818
-8457
6355
-5554
-7611
-2079
-7562
-2085
-513
-877
7545
5973
-6081
7318
7687
-2681
2011
-2623
-9109
-6387
1839
-2940
-1753
8089
8987
-1874
-1656
4733
-8505
1960
-878
-8977
-430
9251
7747
-9256
9328
4586
3723
-2143
-4830
3567
-6578
1928
7343
9025
-3446
9744
-8771
1984
-3831
4003
-2687
1515
6129
-4941
-7432
566
-9753
7353
-5678
-5564
-9242
-6331
5741
-3607
-651
-557
-3890
5106
-7963
6857
-1816
-5461
-2973
-5153
7836
-9142
5878
-532
-8727
-6889
-1663
-6850
-757
7154
3306
-1235
-6034
8912
6202
8444
-377
-5581
-6046
9908
7898
5286
1719
4511
-6902
5088
7417
9578
-1718
-4515
5444
2044
-2064
8065
-1697
-7597
-6174
5913
1736
9385
-1929
-1648
-3594
4087
7382
7318
-5883
5991
-2826
6411
-8050
-3126
-6903
-5414
-9628
-517
6471
-9511
3484
3172
1941
-8021
-8085
9568
-2139
-7488
-2065
-4553
-6767
-7237
7344
4256
4132
-2294
5954
-8682
-1871
5888
-4497
5393
4106
-4576
8985
-8691
-5015
6067
6729
-6637
-8659
85
8784
5109
-5239
8346
4578
-4088
2880
4085
-7399
8296
3769
-217
-5080
5122
-2060
-4739
73
156
-8009
-4965
5793
-2745
606
6395
-4252
-7498
7523
-5426
-9281
-7505
6105
-6288
-6558
-3831
2484
-5389
-6859
6161
8499
4483
-1810
4053
4537
-8974
-3442
379
-594
8991
-4258
-1459
-9736
-7764
5676
3801
6394
5763
-8380
-6978
4447
-6140
-1210
1634
2283
-1625
-4739
854
5263
9939
5606
2753
-5849
102
-6748
-3117
-8793
-3311
5789
-1809
-9490
3105
687
-1160
-7958
8807
7922
-5979
9371
-6409
9074
-3376
1640
2492
-2411
2659
-3336
-8810
3006
6244
-6482
-8168
5959
-6589
-1960
-312
7171
-8307
-8829
-3332
-1138
9539
5995
-769
-5860
3144
3355
-4852
-8396
3679
-2797
-4968
5287
-6616
-7465
1060
-8186
-3704
-7739
-8089
-3589
1337
6067
4026
7804
2174
6832
7537
8033
-8500
-6353
6673
2154
-713
-1640
-9546
-6869
-2307
-4818
3138
3398
-9331
-8434
-4290
2471
-1424
-9990
2346
-8811
923
7400
3985
-918
-8264
5065
3470
-2312
-6176
951
4051
7946
9655
596
4312
-1024
7784
-7134
-1038
-5161
624
-9016
-7131
-6569
-7808
-7414
-6757
4343
-948
-5640
-5540
7280
5602
-9916
-5652
9649
-8370
3647
-9616
3850
-7106
-3054
3724
4948
8294
-6633
-8406
-1875
4532
-4581
1668
-1964
4605
8129
6727
5104
3831
7733
-6562
-6300
-9001
7681
6836
1197
-741
280
6576
8242
-8466
8941
-6170
-6305
3714
5982
5699
5111
3489
9754
-1649
-9766
2639
-2571
-7959
8060
-7256
3680
8011
-7757
5401
-6928
-1036
1171
4416
4030
1277
9256
5827
210
-6391
-7582
6063
-5165
-2725
981
-8221
1336
-5433
-3526
3446
-4504
-7907
3319
2940
5246
3797
1999
235
8602
9637
-1298
6206
-1050
-9476
7476
-1083
518
5545
2302
-1221
182
-6528
4037
-8285
-3713
-5038
-5312
4519
172
-2440
3382
-1490
6336
-8470
5781
3733
5209
2822
3076
-9545
7793
1512
4428
-2432
-5507
-6394
3130
-9705
9672
4769
8820
2274
-7364
-4104
6808
-3554
-3408
8942
-8392
1996
9085
7146
4255
1630
-3652
-1539
-4697
4204
-5867
-6556
-8624
-1817
-3542
-9821
-6323
-1175
2840
-3071
-2282
7251
-7892
1234
5418
3217
-6994
-1383
-167
2858
6524
-1415
-4729
-540
-6535
-3088
6368
7413
4630
7348
-9283
-5629
-8166
-4757
-887
2996
8819
-9887
1293
731
-500
3814
-2801
-1849
-2738
5837
8920
2214
2498
971
-1214
-708
9384
-9327
-4219
-1174
7795
246
-5786
-5696
-5557
-2169
-3113
9216
-1682
-4891
-9073
-5450
-25
-572
2592
4729
6479
-8936
-3785
477
9463
-6817
6563
-8449
4695
-190
6773
-732
-2187
-8294
9347
3400
5268
8889
1828
527
-7025
6635
1489
5986
6664
-6517
1835
-3770
-4521
-7305
8081
5627
4417
8822
9638
6110
7988
1147
-3062
7786
6488
-4554
-8448
-7916
-3940
660
7005
6331
-5337
3918
7192
-6873
8497
-7786
9038
3410
721
-8689
4557
-2997
1769
-8496
-5321
-8789
-3488
4481
1327
-3531
-2058
-984
3520
-1557
-8939
5259
6725
-3828
-8752
-5695
-3114
9289
3027
-3308
6682
-6402
9584
1331
5283
-6229
147
-3962
-2644
5094
-7668
-1990
-8244
1588
-7669
-4403
-1282
-4748
7644
9819
3385
-54
7814
-280
-1549
-7936
8853
6637
-6132
61
9861
6727
6561
-6778
-6545
6237
4567
3423
-7471
-88
-5472
3198
-2322
4939
-3350
3113
6654
7675
7241
-3803
8373
-3040
-5490
-346
-9195
-1250
-3162
-4047
-9984
3520
-8859
-7238
4990
-2981
-4681
-524
7247
-9555
-9049
3058
4394
2710
-5868
-1931
-7735
8828
-8220
-7032
5251
2067
3934
-6498
8047
-9367
1597
-5320
7407
375
1026
6806
4459
-197
-3741
-4193
-3674
-4072
6561
3189
6160
5392
2877
9560
-9432
-4734
7990
5662
7183
5198
4361
-935
9140
-3627
1857
3735
-5068
-2393
-6414
-2853
2496
539
8815
1793
-8880
-880
6463
-233
-4229
-4224
-465
-6721
8865
-4133
9578
-5906
-4098
8801
9206
8992
7524
-3167
3078
6815
-6841
-5780
3668
3638
-8668
-2920
9964
5158
-1822
4169
-7497
1637
-7776
-6504
-7829
-3132
-8045
-9524
-9584
-9023
-5876
3968
-7596
-1082
-4109
-1635
9631
3211
1585
7303
-3328
8152
6375
-8195
975
-4526
8214
2675
4739
5798
-6550
-6606
-4581
-8675
4539
-5754
-4667
-518
2314
-2529
-1196
-5719
1897
6997
7930
-8973
-9756
5252
9449
8420
8422
345
-9962
-325
-5317
-7124
-2078
5636
8507
-5718
-932
2503
-6835
3176
3795
3985
-1557
7618
3629
8418
2295
9241
8492
3902
9369
-8938
-2070
7907
3897
111
-5885
8189
8872
-3714
-8181
-5559
4341
9783
-5923
-6788
3171
-9766
5022
4255
5264
2014
8610
9100
-3440
7058
-4476
4807
-605
8750
3097
-3516
-7071
-2183
3955
6220
-349
3510
7795
-6163
8740
4561
735
-8162
-1019
1379
4480
5255
-5725
7997
4904
1805
1841
-4667
-1159
-8816
9918
-4820
-5123
4573
-1452
8580
2975
-237
2947
-2768
8133
-4120
7593
-9051
-8086
-5253
-7403
-8585
9312
6199
-3574
6475
-9092
-7206
-4106
1876
5239
-7554
-7560
743
8244
608
-3223
5936
897
-6416
3956
3633
-8756
-4427
-8534
2049
-4492
1823
8662
7014
5817
7275
661
2819
-9742
1416
-7708
6158
8540
-9755
8012
-9
-5631
5339
301
9505
271
7529
3401
-1582
-8640
-1994
5666
5937
-7487
-1565
-826
6848
-9319
266
9303
6642
2148
4556
9250
7430
7557
4634
359
-4840
-2535
-1908
-2970
-5691
7472
-4054
3085
-3669
-5938
2926
5622
3821
-5722
3504
-528
-4528
-6200
6501
5291
7586
-9765
-6202
9950
8938
-9331
2232
-1347
-5113
7475
-6575
2802
-3165
-2929
9548
9799
-8887
-4012
-4532
-2935
-4081
-7765
-194
8467
-1083
2155
2587
1429
-2211
4370
-7788
-3521
9069
3339
-7718
-4664
-4926
-5943
-9712
9050
-476
8034
-5938
6868
3362
1704
5479
9026
4962
-3423
-6791
6730
9820
-6095
-9542
-7672
-477
1300
-4828
-2173
-6792
-8413
1230
-1954
4829
-4402
-9812
9176
-6994
5100
-6946
-9667
-625
-6169
-9087
7950
9460
-623
-9064
-3547
5594
-3652
6723
-1930
-4539
-1061
9243
-7926
8812
-5983
1383
6200
-2724
-5017
3542
3791
-3146
81
6843
3601
-3843
7690
-1817
2067
4873
-6273
7932
2153
7562
-9168
2952
5421
-8438
-5328
7075
847
-1048
8663
8681
1381
9250
2948
-8351
1216
6300
-4654
-4268
-2477
8108
-5861
-7010
-8234
-3374
-5616
3553
7199
-479
-9780
-2243
9697
-2167
9253
-4681
-2941
-9388
2227
7156
-6519
-4663
-5655
-4233
8642
5515
3227
-509
3338
4328
9975
-3100
4531
-2751
4001
-8320
17
-5526
-1770
4968
-2742
598
-5684
7272
6344
-8343
-2752
9248
4091
3820
-8375
-3831
-6929
-7480
7516
-5684
-9121
-9745
-7232
2140
4240
8902
-2564
1871
8618
5908
9233
-5383
-7137
-9466
2309
4271
8530
6868
1656
-6881
-9082
1311
7659
2490
7886
6547
-1835
-554
3456
1647
4150
-580
1777
5055
3124
7043
-1131
-3441
-954
9737
-6517
-4146
9950
-1853
-3374
-3973
590
-6339
-8469
1671
6120
-1315
6219
8544
2892
-4701
-2606
8299
-5270
-5300
-6396
768
8395
5422
8735
-6453
-8318
238
6257
-1599
6900
-429
-1390
-9395
4133
-3339
-8324
-1553
-7352
-2398
-1279
7130
-5372
-8608
-8972
3572
-939
-6291
-2583
-456
-9038
-8615
6324
-2131
8775
-1613
-3280
-9715
-7646
6908
2662
-9309
6521
586
9201
8049
-203
-8856
-7609
2678
2052
791
6584
4382
7222
-2215
-6733
419
4365
7877
4397
2015
3757
-916
-7416
2302
5148
125
969
5440
-6343
7300
-532
-91
-974
-7823
-5425
-3054
-5005
9891
6360
-4723
3221
-1231
4762
9560
9494
1564
9140
-1022
3939
-2645
-2085
-3555
-1279
9864
-4775
9255
4412
9064
7042
-9050
-9819
-6147
9502
3215
-2600
-8210
-2689
-6241
3780
8246
-5923
-6581
-2239
5722
-9316
-7369
-4803
-6636
-6410
-2577
-8208
-4042
-2005
-2792
1572
3550
-7021
586
6617
-2157
-2276
1705
-7638
898
1427
6338
-8595
6185
-6254
2959
3685
-5748
-9645
-1892
-7907
-3554
-317
-8292
-2724
6574
3327
6287
-2141
-9580
7920
2121
-7314
6497
3417
-3490
367
8172
2000
7208
8734
-6771
-1333
225
-892
3613
8318
-2235
-2208
-8495
3004
5510
4848
9814
-5106
-5821
1239
-5849
-5139
-8354
1249
3209
3621
4893
843
3637
8460
-3428
3838
-1832
521
-8622
-486
-1400
-9980
8670
-624
-9860
3948
3627
-2015
-9521
-7043
4692
6783
-9490
6150
-3570
-5347
3945
-5375
6592
-9307
9428
6777
-8244
-2755
4664
3116
1417
-3103
7324
-7910
-9988
4924
-598
4014
-1908
-7783
5521
-1365
-575
8198
-9930
1296
-5377
1807
-7449
-5630
7489
5394
-3620
-961
-3921
-873
325
-7598
-9922
-5985
5363
-8478
-8579
8083
2816
8899
333
1315
-5579
341
6718
-983
-8899
-3868
6931
5070
-1195
6011
-4396
-8939
9042
1414
4707
-6988
-1203
947
-8645
-8583
8126
2238
-2308
266
1480
-8475
-5976
-2104
2096
-4321
1841
4150
8236
-2535
6760
6309
-9672
-7434
8083
4307
-206
1149
-6900
-7892
4769
6198
9775
9417
1277
5636
6459
507
7933
715
5043
-9559
-3654
-1431
-5196
-9173
-6070
-9781
7909
-6169
1137
-1897
-416
6065
4036
-8574
4639
88
6047
-5451
8978
1001
-4302
-1223
-8245
-8696
2050
-8745
2638
7545
-4804
2288
-3044
-3548
1841
3721
-7331
-1987
-829
-8709
-5345
3125
-9489
-5169
-485
5302
-9445
-4542
-9607
9610
2379
-6009
-4171
6828
-4762
3592
-8994
-7804
1973
-7546
-811
9220
825
-4116
-9638
4739
-9108
8196
-1093
-6355
-8693
-7247
-631
4557
1819
4655
1630
-2591
6824
470
1066
2650
-8698
4285
-9981
-1564
3749
-6804
-801
4736
-5552
-6405
-8131
-5602
-267
7761
9529
-2457
6455
-8033
-4789
-3567
-9399
7063
1613
9790
8396
-1782
6572
7681
-6133
-1916
5133
2197
-2086
-6792
9102
3337
-9806
-9070
5899
5127
5784
-5253
6169
-8232
-610
-1938
4132
-7765
-9635
5275
-4015
2957
-740
6767
8295
7220
-6572
407
-9924
-5424
-4240
2282
-3558
2776
5919
-3317
-9178
-4416
-9000
-3991
-1980
-1589
-104
3294
636
9230
3171
3915
-463
8318
-4025
3558
-5313
-4936
8734
-6975
-1924
5643
-2679
7057
-5504
-7346
6925
-3579
-1748
-4349
1549
1299
811
-5404
-8172
3796
4706
-9077
-4352
-3345
7
1899
-7654
7976
1256
-982
-1426
9236
1931
4359
-4435
9409
5586
4817
6128
-8721
-178
-6121
9155
-5603
-7329
1994
-9170
2273
3380
-8472
3250
5564
5204
2095
-1570
332
-5790
-9428
3207
-1246
6332
-4305
-8861
7066
-9235
5272
8512
1273
2972
-1766
-6801
5107
-1411
8454
8796
-9820
3557
9175
-5686
-3129
-1829
2741
5499
5877
-2652
-4126
3156
-3727
6012
7319
-909
-7388
8855
5552
6185
-1143
-923
-7789
-686
-198
-3145
-9801
-3734
-787
6255
2961
575
-3424
4185
6587
-1306
1289
2288
-9792
-5786
-8923
-7204
6676
-2251
-5288
2581
-7787
-3801
-5117
2253
-1716
-5682
-5968
-2700
4269
-9125
2300
-1013
8159
1719
-5410
3541
-7315
-4305
-2340
3134
7092
-7608
1507
-5691
-1115
-2157
4196
-1852
-998
6399
8241
-3642
-1614
-165
-5506
9532
5565
8855
-9714
-6015
2356
-6206
-3670
-442
7246
7106
5929
3229
-9163
-4229
-8425
-4080
501
-9872
4171
782
-9606
-8326
3728
-651
5069
6709
4597
989
4163
9931
756
-6958
5781
-9828
-8745
1390
-3803
-2778
7028
-3174
5916
-6627
-4615
-8616
-7073
-4200
2427
-1594
-3958
7612
4279
-3483
-5335
-2271
-470
-1411
-5678
-5095
-6287
446
3904
9206
-2953
8780
6129
6322
-8682
43
-6493
6024
-3069
5601
9474
-6312
8718
-2896
3608
-1204
8913
-2178
-6738
7512
8071
-3853
-828
8508
-5524
6733
2251
-2832
-1610
5223
2741
5570
6082
-1479
-7281
6010
2482
810
-9380
-5418
-652
-2709
6578
-3823
-9952
-8652
-609
8514
-2188
6099
9083
-18
-1738
736
6245
3991
7699
-5888
9570
-4464
8691
4177
9338
-2756
5150
9802
-902
-3818
8606
2399
8903
2031
-6979
342
-3985
1859
-6904
-7295
-1028
7367
2810
-6054
52
-6485
-1833
-4409
-8394
2623
-2136
-970
-5675
-1647
5954
-738
-5171
9665
7823
7778
-3654
-9095
367
-964
2973
-6132
-2235
2504
5517
8893
-7795
6304
-5893
-9223
760
8589
8591
-686
4380
-842
-951
3128
6052
7625
3192
3307
-1619
-9410
-2596
240
-2663
-8085
6566
2348
3456
-7471
1017
7530
8617
1647
-343
-3788
-1223
-554
9890
485
4948
-7828
-9131
-785
5645
483
3147
-8757
283
-2758
-8954
-5078
-1039
9367
-3488
-1732
4321
-9674
-927
-7924
-4094
1422
-7614
-5520
-1771
-4320
-8603
235
-4700
4429
-883
-908
-9520
5731
-6065
-4126
-3262
-8540
1777
1162
-6184
-3583
1795
-5218
8697
-7295
-517
1487
-2530
-293
7902
1538
-6240
-7901
5938
4094
8936
-7062
5490
507
2299
-1470
-6054
-9327
-9176
7551
1885
-764
210
3604
3612
4223
4529
-7344
5604
-2124
5513
-1885
9511
4821
-7092
-419
-8550
5987
-490
-9129
-2304
-5269
-7788
5421
-7742
5549
9482
-8788
-5583
7791
-991
-5515
7284
-1801
4639
-5285
-2087
7874
-2526
-9973
-3222
-7459
3753
7226
9061
-7916
-2794
1350
-9543
-6010
-8103
4947
7440
-5338
-1650
-1338
-3863
-9636
4026
6912
-5674
8132
-6180
-2558
-2820
483
2063
4614
-3025
3714
-5668
-5139
-5849
2719
3086
3367
1804
-7624
-1565
-5294
-5364
2133
359
3636
1848
-3443
4819
-5892
-9182
-117
8161
4914
-8623
-6230
4556
-6040
-9106
1147
-6896
1575
2641
7906
-323
-1837
-7169
-9811
-3610
507
1326
1
-1931
-3869
-3658
5545
-5793
-7670
311
-8246
4488
4182
-9712
3318
-4825
4733
6698
-232
-4045
-4778
2676
-7860
7889
-7205
3087
6893
-2827
-8115
3676
9229
-637
6982
2874
-9535
4108
-2189
-4124
-4539
-3098
9588
8723
-8138
-9583
3514
9699
4094
6301
9149
6176
-5166
7998
-5531
3606
-2215
9868
8473
-726
3221
2426
4058
-935
6077
-5933
-826
9533
-1652
6084
-5007
5295
6554
-9816
2584
-6063
-8010
1975
-9643
1606
1590
-7497
-3132
-8558
5583
7675
-7175
5553
6862
-5711
8973
-5064
8810
-4072
7064
4688
-8017
2199
1561
-6208
-7448
3594
-3624
6019
-9868
-2783
-760
-8538
1439
-9472
-1268
5381
-3069
-5102
7367
8640
-5780
420
7281
9011
3615
-8866
3569
1217
9098
-9878
8013
3178
9452
-1553
-3747
-558
8011
-9787
-2098
-2793
5895
-2382
2721
-6806
5385
-6724
-9055
-5701
-7692
2089
-6824
9518
4857
-1626
7448
6302
-7433
-3763
400
-4071
-6375
3159
7684
7369
7148
6463
-9349
9474
-1410
-4524
6160
-5696
1754
-7294
-8278
2355
-8349
823
8183
-5825
-7035
-8758
-5525
5433
-8709
4228
-8393
3151
7921
-9764
-921
-7960
-992
4647
-3437
-3494
8580
7111
-762
-8468
498
-6560
-8353
7857
-7628
-7418
4388
6362
-2054
1645
-2984
1381
-4415
-3234
-4556
8836
-3850
-8350
5410
7117
2422
-382
-3425
4273
-7838
-8361
2069
4393
5255
8145
8347
-5684
-3327
6604
3385
2714
-749
-6872
-2153
253
-6536
-764
2474
5323
-2431
3984
-6562
4244
9611
8942
-7382
7257
-9426
3579
-9752
8512
-4172
-895
-5590
4530
7037
1981
4863
-8511
6616
-3707
1418
-2171
5265
8590
-2121
-2043
-5829
-6624
-2008
5010
-4258
-8674
-9440
-5397
9216
-9324
-7413
-5318
-9906
-5581
1180
85
-5624
7558
1097
-5740
7770
1148
-4707
-1299
691
-3666
6240
7786
263
3046
5668
2979
-9769
8182
503
-497
2964
9715
-4045
-7629
3904
2993
3728
-4499
-9850
-234
5919
-5021
-9907
3030
9663
5474
-3662
7786
-2774
2846
5390
8274
-5132
1580
-2819
1358
8084
3763
-7150
-7814
9753
-955
7076
3326
2650
-3537
8762
6329
-429
5072
4381
5949
1022
9469
8355
6859
4205
-582
7290
-9845
-5963
-7992
-5724
-3262
-9828
8372
5583
4985
2148
8774
6350
3006
-3781
-3595
-8500
-1557
1205
7576
-5990
-3671
4558
3810
-4541
4326
-3818
-1214
-5162
-369
-9319
4891
7584
-4123
-6461
-3073
-6992
9275
3020
-8947
-3739
2376
-3237
-1663
1031
7540
-8245
4567
2685
3520
-1041
-9762
-7078
7584
9453
3401
3933
9753
710
9111
7343
-9519
-7763
-5706
3067
145
8633
-3027
-8617
6201
-3336
-4300
5960
4824
-7358
-7783
5743
8980
2002
5333
-7748
80
-4273
1269
-761
-9732
623
-720
9906
8427
2650
9264
4647
7363
-2749
-2603
-7150
-9463
-8803
9552
7859
-729
-3106
-3224
2582
-6161
-504
5967
7622
-8888
9866
-3931
-7793
-3283
2599
-6842
6676
2177
1482
-4495
-8875
-7792
-7362
-7931
-5864
978
4324
5303
-2843
-5280
4653
-1942
7989
-7426
5113
1939
-9097
8885
3096
8931
3974
6169
6074
-207
-5780
-8566
-6331
1507
-7210
769
4089
3878
-4684
-2863
629
5211
-3563
-8361
6172
-9074
-5110
1164
5980
-8071
8281
3528
-2784
-9551
822
9248
-7347
5461
-381
1590
7520
-6572
8821
-9030
-6136
-9692
4230
129
-1401
-5999
-9241
1124
2638
9649
-1928
-6668
4175
9410
-6645
-3533
9522
5705
8194
-5397
934
5245
-5115
6548
5239
2211
-623
-5177
6115
-8306
7852
2514
3214
-7810
7076
7987
-9638
8111
6293
7135
-3477
1821
-16
6071
-937
8208
-2085
8134
-1688
-9123
5372
-871
5944
3544
-4429
-9365
-8889
594
-2054
-712
1621
-7353
5341
-5827
6547
-5891
1673
-4892
645
-7350
6303
7107
109
-4847
4464
-7739
-7426
-3809
369
-9071
-3100
7791
708
9549
7332
6947
-6529
-3422
2249
1506
8984
7614
1461
833
-3947
6871
3984
7114
-4313
-8418
-647
-924
-7224
-4783
1770
9381
9302
4391
8731
5788
5636
8680
3362
-6689
1004
-1970
6533
7599
-976
-9126
-8566
-6618
-4164
4170
7649
9510
5372
-2972
6138
-1323
-1077
-6688
466
8517
-8417
6378
-2015
-356
-1680
4402
1754
-1152
7720
4722
1862
-8102
-2376
8735
-1300
-4997
1327
-9223
-6036
-8237
-5700
-8671
2858
4955
-7115
-1618
4865
6229
-3494
3256
-3230
-3147
-8738
-8146
-1759
-8810
2972
-6112
-6311
-5607
-661
-5629
-2049
8248
5812
-2290
-6809
2281
-8090
9791
-3556
-5859
3102
-8120
-5061
-2709
-8374
-440
4018
6412
-1973
-4028
-9099
-1385
5843
1946
4931
1117
9532
-1908
7664
-9017
9399
3385
592
-1608
6925
-3301
-9145
-9494
2780
9453
-6581
-9075
-647
5668
6482
-3326
-5474
1073
-6586
-2885
-3783
2007
3903
-514
-1440
440
-9612
8332
-7221
1357
1760
-1581
-4371
2379
-7465
7049
-9762
-441
-119
-1283
8358
6339
-8889
1609
-5140
-8561
9897
8268
9803
6001
7231
-1310
-5104
-4697
-1055
-5415
-5232
-5800
1839
8754
4458
-5455
1709
-5379
5969
6506
-8075
2051
3740
-2604
-890
-5220
-2368
7466
-3083
7824
-6570
157
-2607
7653
1907
-5883
-6811
6959
-1656
-9138
9661
3202
-2445
3020
3803
-5732
-5821
3181
-4908
1884
-8541
1048
6967
1838
-5560
4958
9773
578
-1168
-4316
-8260
-8908
-9764
-2420
-3715
732
-8
6506
-5204
9741
-2396
1170
-9659
8449
-3185
499
7040
-7898
-9251
2723
1508
4190
9478
5417
-234
-3177
-8572
-8410
-6017
-9551
9476
699
-9232
3024
6500
-9879
5767
5559
-6930
6116
1571
8074
-502
2930
2166
-5799
-4637
3356
4670
6727
-1089
-7803
-8370
4239
9217
4323
-6723
7352
5975
2508
-8428
1194
-5054
4731
7764
-3149
5084
-4166
-9151
-9289
3629
-6450
-7211
385
713
-9680
7150
-7256
2486
-7171
4857
9032
-3860
-2381
-3363
5905
8443
-2594
-4887
6139
-624
-1135
-7325
9895
-2427
-7735
8302
7893
5400
-2799
-8226
3672
-3336
351
298
7012
0
-6728
-9989
-5542
-191
5564
2979
-8052
-9560
3136
-2593
-3183
-3426
-6557
-1406
-5369
2574
593
1321
8010
-2891
-9158
3890
5448
6771
4574
-5678
-3998
-6031
8329
-1738
-1995
6453
-7666
8860
-6267
1938
-6016
-9134
3822
-2508
8822
-4550
-7783
-4521
-6055
-4843
3847
6457
111
-3662
1150
6599
-8720
9765
6092
-9375
-9917
6716
-9852
6763
2394
7007
9111
-8746
-2959
576
-1518
1576
439
1193
-4792
4785
2026
-5332
9269
-135
5298
3050
-1481
1082
-4620
3614
1644
2642
-6359
6098
-9814
-8430
3667
1023
-455
-7222
-5055
-7548
-2324
9171
-9535
-4722
-4056
-9371
1524
-2661
-2947
-5119
-9781
7491
-2702
9012
33
3908
1235
8291
-7982
6082
-4376
-9851
5384
1258
4100
-5643
-662
992
6614
-5314
2612
-9911
323
-5872
-9627
-3214
-3477
8590
-8633
-3606
7676
334
-6810
9593
6251
-9071
-6114
-8541
-5360
-2693
-5070
-8790
-5381
6440
-9764
2161
6297
-677
7580
-2257
4325
2517
-4298
-9427
-664
9602
7551
9367
-479
-4067
942
2816
4985
9272
-2379
-6600
-4125
-7445
-7856
5576
-462
5358
-3560
2265
5495
-5788
-4980
6634
-3894
-7331
5034
7280
-3429
7167
-9629
984
-2625
-2731
9927
238
-4640
-5187
7137
-2430
-4302
7686
2607
5145
-7472
7070
-5720
-2110
-1857
-228
-5866
2367
7028
2446
-1263
6239
-9418
-7561
-696
6273
4799
2762
-4129
-1354
8297
-8145
-9569
-5574
9173
-2340
6939
6709
3244
-4920
4935
-199
-4086
-7286
-948
2770
-175
9603
2931
-6069
-9313
7577
7813
-1239
7501
-447
-25
-8274
-4246
2451
-7512
-8518
1791
7278
8464
-3552
5543
-2865
-4198
-9176
1630
2808
5338
-5191
-6344
-73
2501
-6130
7310
5476
-254
1401
3878
-9266
-3406
5602
8409
-6666
-511
-2173
6968
2427
2155
1712
-6912
8909
1281
936
-303
728
5523
4734
-3537
7402
1774
-3491
4610
4942
7614
8628
-7678
-1108
-9998
-7967
-2834
-9596
-803
-805
-5466
9633
3161
-6834
-4348
-2078
-3075
-2495
157
6540
2069
-2593
-5650
-3470
-6633
-1167
-1574
4535
4170
-5382
-5080
-8912
-6218
3611
-9816
6244
-6359
-1915
1851
-9075
-1511
-1550
-6267
-5488
1589
-9450
-1368
-1970
3391
5477
9180
-3644
-1941
-5769
-9600
-5169
6402
-8471
5041
-3510
-9961
9122
-6590
8431
-5975
-9256
5642
2436
-3981
-2765
-2471
1098
-3664
-7367
-6980
5394
-1356
-3128
-4621
8968
-6005
1855
4749
-786
5630
-5447
9319
-4328
-28
7092
3982
2142
-7937
-7710
-4028
-2463
8314
9702
-7292
-7651
4631
8269
-9269
1629
-4450
-6887
7023
-1540
8222
-2579
-2253
-9776
5744
-1170
-3641
1244
6220
5124
5283
5103
-6347
-4956
4074
-4894
-2901
-2807
-1397
-1703
-7629
-2758
-1452
-6350
-4176
9173
-9082
-5343
-4843
1
-3624
-776
-6878
-3387
-3256
3302
-1937
9754
9148
-247
-9597
-1396
6110
-9051
24
3891
-5462
2877
6775
1881
813
-7930
8124
6273
-937
9042
6689
4094
3807
-9105
2934
1671
3970
-9093
508
1706
-266
5353
9007
240
2053
-9983
-1916
-8786
3506
-6904
-7015
2501
9574
2752
4795
-5919
-3023
-8752
8695
1650
-9845
1691
1168
-6244
-3747
-7284
-4998
-4065
-3933
2214
-1423
481
-3934
-893
3029
-2514
-8485
-9862
8914
-5444
-7448
6782
-2298
-1428
8311
-6352
8540
-826
-3126
-9949
6316
3094
4918
-4327
6719
-6985
168
-9269
6646
8854
7630
2864
3129
-2903
7376
-790
6808
-6255
3589
-6955
873
3597
4812
-3300
2558
194
-7609
-4538
-8830
-6719
4021
7580
-4713
-9924
8359
-4206
6171
3920
-2083
-1768
550
-2426
8016
-7611
-2263
4018
-3659
-8779
6900
-9219
9823
8351
5056
-5721
-778
7082
415
4234
8840
-1533
-8287
9093
4522
3170
7900
1088
-6636
-6215
-9750
-1241
-4598
5383
-2933
2927
6874
8307
9458
8153
3476
4240
-4741
-4910
9022
3115
4664
-2805
-8090
-1504
-9432
9243
-1544
5290
-1455
4517
1801
-7231
1280
-3844
1224
7065
-5204
-616
-4422
-4938
4073
-1432
2756
-3895
-7773
-8762
7803
-8182
-9225
9374
8434
-1937
805
-6148
-3104
3489
-1669
-3101
-3071
-4722
8216
-1942
-591
-9420
-1842
5208
5236
7719
-5650
1074
-5638
3700
8869
-5828
9739
7658
3239
6813
5080
-6300
8976
-5067
2348
2787
2654
-1891
7800
9885
3745
-4744
-556
8290
4274
6162
9238
-6597
-2795
-1320
-7164
2424
6020
-7366
-367
3657
-8501
-259
3787
-9803
-8477
1730
-6912
-7554
4834
-4214
5554
-4835
3538
3464
-6782
-6971
-9581
-215
584
-3454
6380
1075
-252
-5744
-9721
-8320
-519
-1233
-2198
-4238
4762
1523
-6804
-829
-8674
-5930
-8857
9425
-4214
421
-639
-4576
-4597
8147
7882
-6026
7830
7914
4740
829
1315
4517
-6417
1836
-5772
4764
-8446
1031
-8178
6527
6268
4701
-5080
1303
1565
-7927
5425
3363
6840
4330
5875
3230
5872
-4650
-3552
-3353
796
6748
-8932
-467
1803
6569
-2295
-7686
-9328
7611
-3426
998
-1026
7505
-4240
-3897
-1671
-8642
718
-2356
-9244
4709
-6631
-7443
1585
-6701
-690
628
6598
1139
-1109
3846
6401
1322
-4295
7063
-8915
1214
-4970
-6154
-2717
2249
-9578
9587
2915
9386
7565
7001
3305
722
109
-1565
-6528
4052
4584
2759
-5626
9100
6548
9015
3500
-2981
2613
-9333
8117
9475
-3250
1274
3467
7443
-8440
5735
-9937
-7056
2698
9480
-3504
5724
6356
6914
-8229
-2827
-5835
-6972
1240
3539
-4824
7754
8198
9344
-2624
-1039
8097
3333
8646
3504
-5280
2342
7034
-2028
-1410
-5875
-4836
-3916
9466
-8392
-1564
-4501
-2311
-9801
-2239
7005
4987
7235
4730
4133
-2827
-7205
-9983
-4704
-6596
-8400
2276
-159
2981
-6346
2321
-3582
-686
-3124
4889
4710
-5436
-896
-5872
-5677
8385
4865
9001
-1876
-9021
5193
1050
9455
-549
3689
-7562
-6032
-5730
8955
1649
6914
9881
-4066
-6039
1669
186
3341
-2310
964
5536
8907
26
-5541
1690
5007
-784
-275
-1137
-6401
5647
-141
2078
7165
1213
-7248
-1356
-8580
5414
-6458
3108
-9181
522
-3953
-6598
7313
4185
-8085
8026
8617
9043
7352
6002
-1673
5282
-9532
-1692
-9895
-4546
-7528
-5460
1483
9477
7613
4684
3762
8540
8286
-3619
7967
7827
541
-5378
9331
2271
7611
7978
-2609
590
3759
-2425
-1203
4069
-2687
9324
4223
-7644
-4185
6470
-6763
252
1698
-5127
2797
-7571
6882
-562
-6677
1926
-4192
-7635
6104
-9296
7597
-1218
4934
-1480
9415
-7761
1444
2172
4377
-5061
3079
-5894
-9111
-2830
8569
-6267
-9077
2871
6604
-6681
-2648
1989
869
8657
9200
-3193
3424
-9414
-6702
1356
-1171
-4104
2389
-2705
8003
3624
2908
412
-625
-5427
4442
705
451
5021
9928
-9145
-3138
9535
8238
-3250
-7896
-4472
5995
1466
7192
6964
-4481
-8326
-6776
8042
-9776
-8889
5719
-1007
6916
-6390
-9768
-5690
8784
4200
-5521
-5521
9588
5027
-3414
-2382
8507
-750
4076
2839
-4020
-9316
-333
4812
2818
3054
-1028
2431
-7326
6513
-5107
6144
-6695
2106
9318
8314
7461
-3042
-5353
-6851
3042
-719
445
8812
-1541
-7704
-5419
4754
-1902
3251
-631
-9799
7828
5646
4404
-8318
9319
-2306
9272
8993
-5145
6337
6325
-9693
5589
-3212
5705
-9312
7802
-3268
8725
-9224
-3473
7929
1150
-2557
-9235
-6523
-8387
4443
618
-5905
4450
2650
4996
327
-7976
-2078
-9121
3129
7649
5053
-8173
-9314
808
-9291
6236
-7470
-8641
-73
-1542
3414
-2560
4497
6792
1991
8139
7391
-1240
2810
7109
3960
1165
-5261
-3846
9278
4997
-2420
-9426
1872
-56
-3768
7540
-9219
-8895
-9685
-1102
806
7932
-3442
-743
3780
6019
6491
2217
-1567
476
-1252
-2566
6680
9187
1824
2758
-9696
4803
-4398
7573
-9311
0
-1662
4739
-3723
741
1441
582
9954
7227
-2233
8131
-7632
-2210
6561
-417
236
9525
-6603
9788
5712
-713
5948
-1060
-1606
-9324
4641
-9982
7345
-2376
-3783
-3590
-9689
6927
-7233
9472
-3640
7615
-7524
6727
-8310
-3571
-4080
2029
-8692
2620
-970
-9489
-4596
-4292
-629
9746
7045
8918
-5968
7531
-9524
9026
-7021
4458
-9082
6492
7991
-9243
8276
-549
8805
-8648
-3780
-7566
722
-9637
-620
-683
8277
-58
-2476
-9095
5661
-340
-2985
2354
9274
-8574
-3454
1491
5256
-4169
-3568
-6223
4488
-8486
-8724
3487
6798
7543
-724
1498
-2367
9496
4738
-8337
-4949
-9961
-7698
4470
7864
-8484
7487
1091
-3729
5070
-4648
-3957
-1372
-8157
-329
-2289
-8026
-1153
9667
-1367
6566
232
-7725
-1847
-5042
-8507
-3935
9804
2716
-5447
1145
-3468
-8399
-6569
6335
-9647
-4804
-1016
2676
-6737
8116
-8285
-418
7263
9533
-6698
7343
-7949
5217
4302
2453
6019
-9828
-8694
8806
6292
9231
-5726
4962
-4745
7209
1595
-7733
2375
-6305
-6594
8241
-5085
-1237
-1315
2143
-8300
-3608
4550
8332
-3457
2056
-6721
902
-6012
8183
2000
-524
-6955
-9627
1090
3060
2080
7878
-5953
-4904
-8008
1896
8907
4614
1355
5867
5282
-2266
-8319
9365
7201
5949
-389
237
2582
9510
7
-8446
952
-1943
3623
-8690
4534
2959
6506
7751
9195
2717
-8198
6838
-8384
6601
299
602
2259
2645
9752
1565
-132
-3989
-5531
-8650
1316
-3192
5018
1087
-9804
2882
3185
2388
-9443
-7113
9624
-5397
-1331
8515
8972
-2318
5654
3689
-8993
-8865
-3509
4432
6611
1967
-1972
-8037
9931
-239
-822
6555
1381
715
-8000
-1470
9409
21
8457
4583
8145
-2476
4391
7670
-4550
8338
9990
-3235
-3035
2069
3142
9306
-5199
4356
-1402
7659
-932
4848
5933
7418
7206
-5872
-4157
-2733
6844
2380
7804
1947
8412
-3412
6531
-7462
3513
800
4636
7470
4324
5272
-6330
9340
315
-5314
2977
6562
-3885
-6286
-5494
1842
5763
5754
3766
-1307
4002
-6133
-9681
-7761
5134
635
-8420
-3305
-9039
5501
9074
-882
3619
-1837
3405
1442
8534
5509
324
1216
3203
4670
-25
-4542
7667
7942
6049
9849
-4096
-3886
-7425
-2359
-6099
2569
-5108
8250
-5511
-811
3405
-6538
6109
-3312
8263
8996
1181
4692
-7762
6411
4888
-5921
4531
8664
-565
-3394
-1152
-1713
823
4035
4001
2958
2112
-7390
6006
4875
-6284
-2533
-8209
-2243
-6583
6616
-2353
-2938
-2688
-8696
4737
5987
4521
6544
-9765
-2476
2849
-5970
-618
4367
7520
-4375
-3254
-8594
6436
306
-9191
-9722
-9047
325
751
-2898
4454
6023
-2382
9657
-1616
7430
-4334
3543
3693
7253
878
8178
4775
-7957
1015
3602
4038
4563
-7081
-4334
-9070
4313
3338
-638
9548
4940
-3461
-1139
5945
8951
-3413
7758
2332
7724
-3931
-4030
-7542
-3675
3566
3967
-2749
5048
2232
-4397
4753
-939
-7638
-1289
-2906
-1005
4882
-7070
6822
6545
8720
2551
-2511
-9485
-1161
3909
1772
-1914
-8287
-8668
4475
3958
-4735
128
-9869
7617
-6425
6998
-244
-9915
-80
-8039
-5959
7423
-3568
6128
-6796
-926
-4946
4722
6826
7586
-7712
5645
-1364
8934
962
9975
4509
6503
3436
-4482
-7214
773
668
360
-4223
2452
7329
-3906
3912
-1763
-7000
-5373
8513
1744
-8423
341
-3148
5522
3269
-9443
-919
-7814
6484
-7108
-3253
3510
6613
7838
-5512
-3548
-4606
385
9917
-8792
2959
834
-9101
4213
3069
-7754
7784
9362
7502
7930
8666
195
-3942
-6293
-4516
-4765
-2099
-8371
2475
4809
5979
19
3886
-1912
-816
4932
-7723
-4239
-3268
1546
8192
-7341
8505
-452
-4700
-7875
6909
5984
8872
-2253
2197
-8027
-2363
4465
3421
6971
-1563
-3696
-6570
2002
6035
9626
9373
7944
5681
4977
-8879
4035
8048
-4432
8837
1198
-5723
6088
-1222
796
-2190
1458
-1724
4067
5364
4169
9034
-4982
8593
8423
-2622
9070
-5907
-9545
-7106
3782
-8951
8049
1915
-6385
4603
3076
-6450
2603
7909
-1529
-6298
-915
6742
-5537
2337
6990
-9936
1313
7419
-7790
-8268
-3054
7191
-568
2177
-8575
-4895
5534
-4993
5888
9082
-7162
-9488
-989
9554
7955
-3509
-3574
-2998
-5749
-5417
4395
2786
-9199
-7148
6403
-5585
467
5279
-2232
4762
4309
-3709
-3549
-1289
-5915
-9425
3626
-588
-4126
-3297
3454
-7906
7984
244
6963
1685
-2372
7031
2664
-8391
3886
2472
5175
-8190
-2592
-7464
155
3304
-4250
6323
9381
-3455
-5975
9888
-1640
6210
-4089
-8702
7552
-3760
-2432
9450
-5026
5353
-7452
-1547
-1896
2816
-4770
-2368
-6931
8197
-4025
7051
-9678
7892
-1746
1356
3847
-5898
2531
8232
-5991
-3940
-5035
-9112
9851
7916
-1025
1426
8351
-6306
9066
-1114
3191
6977
-9768
-3251
-9244
-232
-2869
868
5744
-2929
-455
-3840
-6316
5164
9089
5355
3590
-9461
2128
7005
-5254
-9995
-258
-289
5364
3017
1896
-31
6080
5738
-2238
4562
7167
1602
515
644
4280
-1088
8154
-7085
-6830
-3608
-203
-2957
-2876
-5683
9314
9908
-180
648
2909
-3453
-5191
-5617
663
-8639
-3915
-3146
9382
-9090
-493
-2876
9021
-2672
-6183
6932
-9017
6492
-8365
-3046
9298
7925
9444
3518
5228
-483
4490
5342
6461
5982
-3314
1810
6904
9123
5801
-1851
-2883
-9771
-6708
5157
1252
3869
-2498
5957
-4008
-6203
-165
-9009
-3131
3124
6866
597
7600
-8907
-5364
-7444
7135
-1647
-4299
540
-6430
7888
4811
3189
-1428
4701
-7754
-8892
1746
9536
-1534
-2420
8810
-136
3907
-9107
7369
9712
270
8533
1777
-2738
2064
5296
3206
4451
6878
5900
-6163
3942
8408
3961
-955
306
1729
-5721
-5255
8695
6971
-1855
1815
-9350
5155
1392
-1896
-6041
-1901
-433
1146
-8841
-9501
4807
5210
-4528
1525
-2297
8217
-2270
-5285
-2105
3142
-8971
9850
-7537
-6808
118
3111
7883
-7005
-4629
-2622
-2678
9757
6969
7717
6227
1260
-599
-7485
460
7026
-6872
-7971
-5043
-24
-90
7162
2462
8446
-6551
-7664
-1011
-2859
-3079
-8955
-1949
2352
2381
-4140
9620
-7870
-8525
8692
-1788
-6640
-9808
2772
8279
1922
-4804
4483
-6679
-8509
-9228
-738
4139
993
2071
-3980
-6661
-5755
2491
636
1501
-9680
-16
8182
-3011
1801
-5991
9272
6336
-9693
6815
-1283
-6951
-9088
5464
1579
5657
-7252
-3564
-1261
3874
-2395
3648
-6860
-6341
-7
672
-5822
4636
-6163
6203
-8416
4714
7385
-8297
1780
8013
-6537
-803
-7865
7600
-8399
6913
-5765
1413
3142
-9808
-6914
7563
-8588
1744
508
-38
-6214
2223
-1107
4503
-8674
2961
-8951
-5191
5138
5063
-4071
-4327
7395
-5676
6187
1636
-9098
6005
-8696
752
4016
8245
4398
2257
-3093
-297
-328
2276
-1039
-5545
-9332
-3236
8646
-1959
-8987
2174
1897
1391
8657
-2106
7863
6976
-907
-8423
-6387
8917
6328
-780
772
5358
4973
-8855
-9897
144
-1770
7664
8603
8320
9849
-9654
-4546
7006
1879
8693
-3281
-6927
2793
-9040
-8522
-6009
1803
-1022
-8338
9628
-15
6463
-7755
-2709
9967
-4161
-5303
-3904
-1388
-2567
1804
-3138
-7002
-2565
-2090
-7139
-4805
-759
-8655
-9764
-1456
-3032
5265
-9259
-8157
-8478
4985
-7724
6144
4980
-4477
8598
6785
3774
4569
5404
2798
4610
4541
5089
7142
7158
-1967
-5592
-6233
-6723
-5108
1695
-627
1075
3462
8551
6843
5856
-1908
7612
1445
-1277
-2468
551
4666
4602
-2791
658
5641
9774
-3300
4463
9537
-5065
-6619
1334
-3037
171
-8637
7098
-572
55
8285
5109
-6492
-3957
-4494
-2322
-5343
5701
8986
-9186
-9639
7705
3906
4422
-4267
-55
1412
-5106
3762
3663
-1987
1649
7492
-3770
-9123
-999
-5847
-8169
-1012
2271
-5681
-985
-6652
-9733
-5939
-5810
9599
2202
615
-9638
-5502
3498
6987
-3071
7687
-6657
9383
-2741
-8498
2731
6043
-431
145
7348
-2035
-8750
6176
-332
8789
-9991
-346
-3914
-4824
1539
2266
-1401
7982
-9537
-388
-2548
7294
-6246
1873
7741
-8996
7089
2579
268
-8535
5607
-7250
9545
-9726
-2520
9789
-3859
1512
6032
-8748
6403
6361
-1922
3801
468
-1395
-1376
-6055
4259
1229
9698
-5819
-8885
-5358
-1028
-6361
693
9862
-1337
-844
-4117
4714
-240
8901
7757
7373
7670
3108
-239
-7705
-8208
-7920
-4426
-8494
-3919
-6172
-5418
-4812
-5495
6226
4316
2630
3903
4763
6659
5329
6749
-5057
-1397
-8265
-4549
9884
-5073
2982
-3122
8758
8964
2525
3836
-1353
-4149
7125
-5238
7022
-2346
3563
-3738
-2796
-7744
-7900
1928
879
2363
-4206
-9606
9823
6590
-4085
-1488
2523
-6759
-1813
-5000
-3269
-3310
-8471
6384
7882
138
2597
8124
-8972
9812
-3111
2581
-2133
6005
-6761
1682
-8592
1350
-1793
89
-9434
-7403
4484
6677
6925
5385
-5481
-2466
6342
-8574
-3201
-896
-1945
990
-3972
-3906
9472
7881
-2470
5742
-2111
-7773
-1525
399
-8849
2117
170
-2451
9543
-2857
9710
5730
-2921
6168
2948
4215
-7845
2736
236
-8029
2039
-4621
-8310
4269
-7839
1283
7047
945
5932
-7649
-875
-6607
5908
-7702
-1155
-1594
4470
210
-484
-2570
-177
-88
7341
-374
-7001
-4246
-1564
-2804
-3690
579
1983
8412
2387
4326
3119
7009
-3123
2835
9869
5408
-695
3849
7328
-9845
3464
2032
-6150
5754
-6049
-3934
-9647
-7115
-7114
4304
-2447
1739
5119
921
4980
3725
-6391
4332
9483
-9230
-2818
-9208
-6483
3370
-614
4268
3732
1032
-4305
9912
9936
2211
-8203
-7676
-4475
3243
-4197
-7295
-3437
6293
3930
8339
7854
-7395
-2289
-3673
6518
-8586
8936
-9122
8544
4047
-4164
-1452
-4750
-592
3758
-2897
6415
-9652
-8873
6926
-339
4077
-6813
-2764
8715
8425
-4690
3104
-7686
3307
7747
-5033
-787
5040
-4560
71
-876
1647
8216
-179
8460
-7645
-225
2061
4487
-7637
8031
-1614
3608
1369
-3375
-9136
5266
6655
9159
6240
4178
-5819
589
-8514
4892
-5190
8077
6016
3463
7357
5513
8088
3666
-909
-5878
2040
5081
7022
-553
7364
135
3295
-2236
-9440
-2831
8019
-5630
1402
-653
-4218
9669
-4300
5818
-450
-7765
-5387
9851
6534
-7365
4067
6181
4408
7304
7255
1704
2858
9338
7971
9082
4599
-40
2135
9305
-3155
-7468
6781
7571
9004
3315
-9567
-8142
5114
8038
-4644
5646
6334
4061
2727
-1348
5523
4068
9504
-8521
-1780
-4969
-7627
-9308
7503
5553
4350
-9345
-7050
5145
-795
-3139
-2618
-388
5572
6504
8423
-7615
8073
-9690
9756
393
-9528
6862
9658
-1425
3284
4501
4593
2481
-7375
5604
1245
7663
9380
597
-2241
9987
2088
7298
2874
-4111
1454
-7979
9564
-7654
-3596
-6024
8972
-9342
-1864
-4412
-4319
-8339
-2403
421
2166
-5113
5784
-8623
-8278
630
-8888
-3355
-6814
9411
-9212
-7567
-12
2025
513
-205
-3926
-586
-6388
-294
5748
16
7484
-6705
1336
4577
-7190
-2913
-8371
-23
-6249
-8221
-77
2893
1932
5217
-8965
5876
9522
-99
-9814
-2157
-20
1428
-7421
-1597
7225
9582
6939
-816
-1783
1690
-3324
-4635
8653
-6376
-9054
8938
-1263
4244
-9956
6720
-7239
1062
6311
5184
-1938
-8774
3906
-1259
5640
-5815
-3256
5677
-941
4828
6869
-5909
-8593
8474
-2832
3837
4107
4943
946
3622
5434
5255
-7027
-9120
-7015
-590
-8007
-715
-9884
-1850
-7188
6041
-4077
-2159
-5994
1909
-7416
-7562
-84
9711
5175
-880
1419
9859
-4596
-9887
4484
-8790
-3422
-6560
-3942
-3081
-8246
869
-7443
5753
-2695
-1628
-8257
21
9422
2752
9572
-3105
-22
9174
-7601
-4743
3753
-4710
3409
7352
9269
4872
3874
-8798
-1088
502
6092
2348
4541
1302
-54
2314
7560
4660
-7290
-302
411
8551
7651
6568
2668
1946
-4230
6246
1564
-8448
-8167
-1451
-1024
-3174
2300
-4176
-9501
-1652
1976
-8327
-6442
4817
-5877
-463
-2187
-1572
2998
2255
4954
3878
898
-6097
-4876
182
-6182
-4929
7929
-871
-6701
-7969
7601
4646
-7722
1256
-3422
-8284
2649
2924
5766
-8679
9074
-810
1726
-277
-2998
4907
-5920
2386
-5034
-2256
-952
3897
7828
-9116
-6633
-9181
5734
7029
-3141
-3806
4584
-6240
453
8541
-3229
-4657
8153
-1591
-4574
204
-8677
9670
1022
85
-1547
8047
-1335
2881
-2355
6318
-6779
6615
8888
-823
-9765
-8624
-6546
-6385
-3743
4515
-6680
-3789
47
3638
841
-6779
7612
8129
-1242
-3396
-5904
7544
3397
-8886
-3395
-3583
4510
-1192
-3264
7060
-953
-4861
-674
-8617
-6054
8178
-1950
7146
1971
9284
-1797
9712
-7259
-6699
6729
-7529
6423
-8369
8545
5009
9641
7829
-2382
-8371
-1860
9488
4816
-9449
-4542
4757
-5065
3830
8005
7241
8482
-841
4955
9628
3196
64
890
-8582
-7708
-9188
-8477
-9656
-6021
9402
-7896
-8459
-7543
5265
6550
2154
-3226
4787
3925
9015
-2622
8616
6610
7199
-9211
8058
1004
-2957
7649
6959
3664
-8921
1329
8133
-63
3559
-5021
-8579
8012
7118
1722
-7587
-758
-7488
8995
694
9539
-7592
776
-626
3276
3602
-6725
-1730
1185
3505
-2013
8340
-5971
620
4178
5116
-2255
717
7453
5752
8529
641
6245
3201
-9662
7325
-288
471
-9528
9565
472
-1783
7684
4253
7756
7639
-5894
-751
-3126
7618
-183
2584
2369
272
4509
-7437
8142
2572
-5812
6699
4562
-9428
7271
-351
1055
-1553
1921
3231
5148
-2317
1595
-3840
3911
2839
5441
2142
-173
6223
8804
-2773
2554
1015
-6839
-9163
-8781
5697
2597
269
5039
-1472
-1859
-4458
6994
402
-3143
8717
-5369
9143
-1674
-9328
6718
4594
-8020
1760
1802
1029
-5802
1941
-6418
-3004
-9230
-4437
5388
-3384
1953
-1127
2011
-1158
-2010
-8970
9089
-2984
-1845
2366
-3136
-5331
9839
-2064
3155
9248
1516
7079
3827
6288
6146
5984
4909
7369
2085
-2833
6379
4791
-942
8121
-3921
9832
9147
8450
1324
-5432
-6607
3386
-6609
8982
7748
6781
-4215
5271
-3710
-3550
1572
762
7787
3079
4422
-4239
3827
2461
6769
5914
9223
-4803
-3702
5624
-414
-8523
-9589
-4654
-8061
714
-5081
-4411
6297
7823
-4546
6120
-1125
1988
-5091
7751
-9092
-7555
-642
-4791
-4252
2778
-1168
8322
3263
-113
6821
7914
4750
3323
-1014
-7245
-2717
6393
3898
-4205
-4088
3917
6309
-857
1831
3776
3205
362
-695
50
2496
2102
-9187
8475
-1267
-5884
-6324
7748
5577
-7394
-8358
-8787
9143
-7882
7108
6091
-6283
-8492
3144
2007
-9553
9865
-7465
-9704
-6451
-4839
7093
7414
2037
7504
3846
4440
-5608
-8638
1074
4622
1764
5417
-4571
-7442
-8808
3115
-2097
-2138
-5309
-6522
1327
7095
-2991
-8524
-3407
-9570
-4605
-4523
-4970
1808
-1254
-4675
-4895
-5338
4625
7353
-5390
9671
-758
9401
-7744
-8198
9607
722
-3205
7074
4351
-4892
-6758
655
-8500
3405
-5352
-815
1540
9627
-9561
-4892
-8624
1602
3179
8676
-8246
-9627
-9835
180
-8691
-5220
-3162
2472
1307
9593
-7796
-2631
555
4274
-5542
8627
6650
-4675
-8466
6600
-1196
-8389
-7978
-2391
-4661
-5116
6837
7118
-3206
-6027
-8497
-3626
-7991
2296
5746
4697
-5521
7102
-8630
-1149
-3010
6192
-704
-1357
9765
5158
-5831
-887
8853
-9893
5283
-8516
-7469
8202
-9628
-9588
-8057
-1261
-6973
9180
6934
-8806
9566
-5446
163
-3874
-4966
-2516
7377
781
9288
7273
729
-407
6877
-4146
-9059
-3047
-3059
6296
-9290
-1641
9975
-6609
5713
5198
-3435
9201
-3674
933
9478
-6826
-8866
-8998
2152
4361
8792
2059
-5104
-2664
8323
-6427
2067
-9081
-3581
-8612
-5199
9928
377
7688
6436
-4755
304
7460
-1990
-9741
-4557
-6863
3745
7525
2811
1248
960
-6273
3342
-8869
8380
-6642
9333
2160
421
3357
-2764
-6271
865
6067
36
-2816
-6398
-8951
-5220
-4724
-8960
-7007
702
-8948
3637
551
8978
-7053
-8427
-2004
-4443
-429
-3071
-2647
8653
7732
-3587
-8729
-8120
7519
388
-6778
6435
-382
7699
-4613
-2517
-6741
9429
-9632
-3314
-1519
-1636
1815
6520
-2530
2040
3587
7897
2156
974
-5570
7225
-114
-3887
9537
-8964
5473
-2223
-1379
-1324
-2247
-5859
-7608
782
-240
-6830
4364
2481
1251
-4351
-707
742
1958
-5256
-7854
-2828
-4501
-4464
-9338
4191
-1213
5633
990
-7686
6322
411
4327
-2513
-3928
9238
156
5273
3072
-1512
2793
327
5371
9626
-4457
1656
-4930
-7417
1423
8484
-8374
6595
-4586
6691
-2070
-3544
1889
3519
-7285
-4100
1696
4609
1293
7642
-9938
-2416
8771
-4815
9920
3051
-1019
5393
-126
3438
2187
-1467
-1615
2467
-8622
-1153
-4112
8257
-5117
-5347
-9802
-4301
4315
-9265
3943
-2794
8886
-8570
3967
-2092
-4894
-4371
4562
-7030
-860
5391
-2596
4443
4830
7227
2800
209
9068
-7838
-4422
4334
2261
5432
-4818
7941
2066
-5512
4920
309
-4174
-9553
3746
-6598
-8320
7333
-5531
3839
-2830
-9842
4271
8249
-1961
-6533
4285
-970
89
7325
-9840
-9970
-3084
-5649
786
3407
-5367
-609
-6658
9986
6358
-2148
6346
9405
-6139
-6681
-9846
5967
647
9789
-3303
9420
730
-9425
-9946
-6830
-7369
-2596
-7992
-6229
2358
7926
4324
4055
-4672
8411
8339
-6233
-7774
-7118
-7985
-3994
9282
7623
4780
-9759
6541
-24
265
-3086
7987
-3579
-1935
9566
8462
-6645
-1680
2922
-8900
2696
-1944
5760
6249
-840
-5332
4592
8998
-7292
3221
-1868
1718
-7074
4795
-5410
-1078
8638
-1966
-9790
-3570
1022
-2615
9060
1764
-7815
-1340
-826
7562
5345
-2242
300
-4578
6239
2308
4874
5442
-4334
6354
6243
4094
-634
-8887
832
-8711
-3534
6306
8722
4405
1921
-840
-8312
2145
1871
-341
6714
-1084
-4660
3306
8282
-357
9973
6576
8633
3922
3570
137
2066
982
8427
-77
-5115
-6783
9075
540
-9854
-65
1484
5320
-6413
6769
-4621
-4851
4067
-4088
4634
-763
-4456
4833
9070
-2889
-9330
8947
3063
-6703
4857
-3439
1342
-8383
-9470
149
-6808
-1845
-8276
-7021
-8819
-7432
-9289
-8233
2765
9513
5632
4167
-5091
1180
6516
369
-6900
-1837
-6227
1164
3453
6158
8705
-253
-999
8457
9906
7760
9162
-9557
1442
3521
6803
-3490
1721
2254
-532
7062
4505
-8867
-9719
6226
5913
-7676
8596
2413
7484
26
5174
6581
1939
2550
-102
-7499
7225
539
-2517
2806
-4319
3763
-9836
-4907
-9414
-7158
5509
-4377
4989
4924
5377
1978
-1590
-7099
-3882
1571
1115
221
8493
-4718
7471
6676
4050
-5597
-7794
-5038
380
-7753
4145
-8731
-7036
5735
-4626
7348
7641
790
-9314
3030
9545
1105
-6406
9894
7751
9904
6335
-637
-1894
-5602
-1378
1530
-876
908
8125
9234
4914
-3864
-5031
-6370
-2295
6009
1231
1411
2594
-5434
-1832
-1315
7710
4139
2505
-5611
1766
9123
4314
-6636
-5920
-4444
-3476
-5674
-724
-3578
7459
1441
975
-3775
-2373
6191
-7021
8260
2431
-6919
5399
-3886
1255
599
881
-6465
-767
-4928
5879
5516
1052
2928
-3446
184
-5168
4958
9161
-3967
-2830
8049
-8755
-5352
-7476
4410
9219
8163
-7833
8531
-2864
-3501
3782
-5423
7029
1789
-4782
-5230
-6660
7850
6513
4310
-8995
2666
2667
5218
9214
-5545
2401
-2872
209
6700
-2376
4124
-4088
-7549
-5879
3470
-6004
9740
305
-8895
-5172
6207
1971
-2405
1374
1517
-6725
3205
2207
-1403
3118
-1947
6941
5968
8571
-7318
-2401
-8232
7768
4106
1271
8447
-5863
9182
-4971
-7798
4647
-5014
-3229
7076
-79
8935
-7875
7796
-7864
3201
-1367
6625
9533
-6206
-8691
4793
-3296
7590
-1966
8444
-6438
-7695
-4926
5748
8379
5584
-8455
-3422
-4293
7685
8688
-5208
-9485
3969
6445
8141
1731
275
5890
4623
3222
-8174
5440
-4719
-8275
4056
5177
2823
-8205
8234
1681
7853
-577
2827
3805
144
-4076
-7163
-3650
-9205
9477
799
2783
-5365
-9674
-3401
-6726
-775
-8476
4573
-2525
2526
5901
-8351
8163
1698
-1843
-4639
2086
6783
9480
7095
-5160
-9911
2563
4724
-2198
6983
7020
9531
9172
7221
6978
6635
9004
-9621
-6809
1598
-2814
-2425
620
-9747
8993
1131
8702
-5580
-5897
-5152
-4671
-6604
2836
471
-7925
-4845
9531
-3973
-8804
-2160
-9871
9751
-2473
5652
4661
-4413
4031
5425
-9492
26
7781
2505
-9919
-9559
5243
1160
-4995
-4065
-8155
3540
-3705
-5937
-3830
2935
1269
-4413
8250
-118
-6659
1408
-6498
-2288
-2729
-3027
381
3586
-2178
9309
-752
-6017
7336
-7582
7107
-5292
3915
4327
-2196
-8848
-5300
-2429
2973
2258
368
3678
6025
-2909
-4298
7607
-8479
-6852
7403
-3787
6532
9099
-7817
9489
2154
5556
-4270
2499
5109
8848
7462
4485
-8003
-3360
-9143
-9037
7060
-7301
-4728
4033
2081
-3891
-4584
-617
-2635
7355
-4743
-7561
-4994
-9687
-4695
-2746
9032
9829
-299
2405
-7560
-8549
-9895
9424
-9134
-1246
-5432
-5956
896
-2750
1511
2418
-9190
-7638
-3779
6491
5005
-9218
-5735
5401
112
-9395
2019
-4571
2428
7723
-2965
5092
-9600
4085
-9558
3133
2117
-1102
-9885
-1277
-1723
-3096
3127
-1026
9062
-9805
6242
6649
-8995
7090
9943
5335
7116
-9355
-4746
-4947
-3437
-7777
2917
-9397
8781
9962
5278
-9289
140
-2036
-2835
-3146
131
4793
1277
8701
5308
7687
6662
1942
2777
8082
-792
8642
5705
8073
-514
3282
-3399
9217
-3781
641
2031
-9167
-4699
5125
9407
8896
-5045
4990
-3365
-7603
4506
-6535
-1498
84
-9936
-942
9181
1492
-5941
-284
-2457
-6463
-6605
9320
-3786
-2745
-6131
3711
-2954
-8985
-8266
-3296
7580
8359
-501
-9101
-9607
6326
1399
6152
4253
4095
-7435
-9335
8934
5930
9527
-8278
-6962
-2959
6754
9881
8851
5542
-9571
2040
-5410
-4900
-2971
-9808
-5622
-3885
-8265
-7120
7270
5586
-4537
1945
2264
1934
-4514
-1167
-5872
3385
1563
-3285
-4713
-6966
7478
-6576
9947
7127
1557
8031
2244
4593
-3950
759
9275
-3053
4328
4081
-9365
7810
-3217
2274
-9072
-498
-9519
-7910
1155
-7525
3997
7186
-3369
-7637
8018
5277
-3942
-9594
2503
235
-1058
8205
2755
-9786
7930
8623
5190
8794
-1954
9796
1501
1842
4207
-8155
9740
-5331
-7725
494
-145
134
5645
677
8593
-7240
-7205
7882
-5474
8383
-7117
7086
6828
9089
-9634
-9479
-8697
-4814
-1434
-795
-903
-4714
2545
-6646
-2683
2282
8894
-3362
3487
-8082
5944
106
-9075
-5909
6971
7864
-7854
201
7387
-7557
7682
-4208
-8735
1899
8410
8962
-7902
-3056
-3462
1300
-1599
8159
7311
6025
9076
-5523
5303
-7852
6832
-8376
4007
-7087
5811
8300
-8328
-8496
-7583
-1453
-163
-7046
8429
1126
-8616
-9852
3771
6641
8638
-1042
-4320
212
-4085
-4363
-4312
-4641
147
-1137
6115
9451
8351
-8092
-3347
5042
2386
-9890
-3658
-6868
-5350
7454
9343
-4447
2384
-3765
-3844
-344
-6567
-9831
-55
-348
-9742
5770
3568
3474
666
-1290
-6993
-3771
-8133
3693
1628
6029
6943
-5879
1765
3936
-2000
5926
5151
1519
7093
1378
-7359
-1012
5440
5405
-324
-7054
158
4783
8445
-3790
-4481
9877
4854
8538
4854
-2641
2567
-3790
6526
9237
1740
-5512
7435
4575
6809
1761
310
-4034
-849
-2204
5382
-1817
663
7189
-7100
-6199
8860
-8670
-6267
-9352
5357
2829
9603
8779
-8256
4297
2937
-4340
5347
2415
5976
5694
8160
9616
-370
6081
2622
-7530
-2606
-1392
-1056
1108
-4998
-1260
-2304
-3666
-4259
3216
7127
-5097
7263
-1480
-1557
987
-8704
5168
3536
3037
920
2467
-6763
-5366
601
3404
5827
4908
857
-4163
-1943
9627
-3837
4563
-5872
-96
-7738
6930
5471
-9095
5497
-1771
-3151
-3940
4188
-310
-7113
7003
581
7245
1698
-6930
9220
-8920
5580
-5127
3682
2396
6098
2998
1680
5770
-8327
8359
787
-9223
-8206
-3171
-7329
429
-9631
-2729
218
-8930
-952
-5757
7211
9222
-7228
-3997
-549
3408
-6646
7369
9216
-8928
5544
-695
3474
9443
364
3420
-7548
8390
1259
2721
4874
-4578
-614
839
-8161
3497
-3622
-6687
1441
1249
9913
-3383
6922
-1505
-8137
6543
-5621
-3283
9828
-8671
-2986
423
2907
-2449
-7054
-8021
-153
2250
-5490
-3699
-3237
9731
9001
-5756
8227
7122
-7969
-6458
-5734
-1373
2396
-8113
8305
5290
-1621
-5991
-1436
4604
-5139
881
-8573
1591
739
-9586
7411
4439
7128
5165
-4779
6430
6927
1681
-6050
-4287
946
-3613
8052
-8316
9282
408
-1920
-7958
3918
-8955
-5821
-4914
-5895
-9971
1832
7130
2919
-3886
-5855
5562
-3267
5029
3067
5840
4910
9948
-8428
2062
-8190
9019
-6355
-9860
-2453
5200
7674
183
5303
803
3395
-2296
-240
-4343
8226
-9203
-5183
-4287
-2827
-1567
1692
2486
-1835
-8516
4124
-6896
-4544
5361
-6207
-3188
-4061
-2887
6289
7669
-258
-8315
9564
1274
6856
2213
-538
-2752
-560
3126
-4056
9636
8416
5751
-8321
6602
-8602
-6295
7353
3738
4508
7071
-5956
-6024
-8210
9194
400
2308
-2202
-4215
-2915
8264
-3807
-9858
-4059
3225
-6985
7369
5378
4384
7594
-1762
-6962
1805
-8910
-8380
1027
-9754
5509
1897
-4883
5425
-4982
-8657
-5704
3350
-499
-5314
4110
7881
3323
8389
-6094
-4773
1396
-5434
9275
-9240
537
-6601
-2464
-5639
-7332
9324
-8474
723
7122
1627
-9244
-7333
2295
6482
943
8736
931
8190
5556
773
8611
-1217
5912
784
-1859
3568
5263
-1814
-5287
-7759
1297
-7100
3135
9404
-2380
-5616
-8747
7503
9466
1519
1218
-4021
-4931
4895
-1764
8959
-9235
-2218
-5219
-2041
-9406
-2240
-4751
8083
-8994
-3634
-7440
-6176
548
-2159
-7567
1671
-5273
-4861
1959
-6865
-8518
3646
-4348
2124
2549
-6795
-7201
2921
-9475
-296
-2012
-2946
-8238
-2271
-5119
-3895
-1376
-612
-8127
-1855
-3357
4013
-6313
-3152
-7878
-2296
-2905
-4234
-2817
-6004
-1100
2007
-3819
-6380
-6314
3474
-9017
3929
7381
3689
3032
-1733
-2639
7420
-70
-3160
-6726
2141
-3235
-6240
8145
2173
1439
-1568
8106
1861
-3726
5473
2684
4918
2232
5508
-4054
-2096
1171
-6515
-9941
-4075
9440
-244
-7800
8233
-6237
1878
9528
-1445
-5583
-4139
-2090
-1801
-3706
3509
7171
4197
-7679
6235
2715
5378
-1692
6206
-3629
6986
1896
-8492
8418
3666
-8311
-7596
1249
4352
203
7620
8037
-1031
-9537
1476
8864
-2331
333
-4011
3270
-8355
5155
6529
-72
-2342
8369
5040
-6953
-5951
1801
-2966
2070
-5789
3632
-4696
198
5594
5730
3501
-9846
3596
4152
-5275
-8614
6942
1855
-9137
2415
-741
8400
-3279
-9711
725
-7574
-4813
4622
9025
-7038
8329
-4698
6075
-2219
-8188
-8279
6257
2105
4891
6269
-6482
2818
-7243
-1381
-2840
-3251
-4013
9373
3411
-6520
-9772
-4659
-5545
-5361
9355
-428
-2891
5763
-3552
668
-9466
5263
-5170
-1673
6873
-1968
-361
-2978
6896
-6508
1798
7843
7538
3638
6050
-3643
-3807
-7783
9944
-7496
7801
-1902
-7981
9615
-3509
-1142
-436
9379
-930
-8065
1542
3900
8554
7607
-6814
-9375
-2458
-2544
9624
-7602
5579
4915
1860
-6904
2911
9271
-9168
-8037
369
9123
7208
3905
-8460
-8810
7195
5845
3913
-2857
2931
259
8715
6100
3810
-9108
2635
766
-7323
-894
2514
3018
5455
-8711
-1101
-4431
2479
2636
7534
-8852
368
2892
5378
-9634
2056
-5465
-8309
1205
-6107
4200
-1274
9926
-8214
-1874
2912
5945
1890
-8338
2455
-9289
462
-4188
9392
4034
-2926
5512
878
4342
5454
-4506
9723
-2331
6846
8834
5662
-7001
171
6544
183
6799
-6529
-732
-5101
1036
-5685
-5689
8405
1030
-4189
-868
3938
-485
9102
-7078
-4551
-8582
-8878
-6802
8991
3925
-9117
-484
8376
-6423
-8667
8262
-1427
3754
6583
166
-7739
7119
7560
8186
6953
-2000
-8593
9218
-4082
2540
-6032
9412
-331
795
75
-8882
3376
531
-2122
-8610
7670
-7780
3065
8225
-2271
1473
-1207
-7019
-6191
5597
3634
8653
-333
-3216
-1178
8282
8079
9717
-8867
-6206
-8963
2715
-9531
7702
-5105
-5406
-1367
-4649
6456
9291
-7376
-1832
-4111
193
-8227
5264
-2882
6783
-7954
-4095
-6954
-2039
-8017
-2046
-5236
-4798
-9388
-5762
3893
1759
3163
-2409
2090
-2749
3051
1495
-1009
4944
-2482
-6558
4892
-5987
9932
-4358
7010
4737
-6610
-1829
-5861
3031
-8998
-8473
7496
6493
-4121
2551
2882
-7548
3382
1917
-1307
3411
8753
-1069
-8841
4149
4875
9526
-9080
4013
5473
-5090
-4183
-2508
1737
-8634
-5421
4449
732
2564
-5418
-8410
2212
-6798
8604
-2460
-489
-5335
3783
3133
-9531
6242
2305
4423
-2817
1023
8304
2581
-6870
7399
2308
7369
-4283
7077
5960
5941
-8185
2474
-4321
7380
-1032
-7108
2969
-1419
5281
3347
-9776
-2725
-6658
5109
-580
2737
8678
8225
-6660
1215
-3390
-7369
3884
383
2545
3607
-4592
206
1121
9911
9065
2144
-4542
-9877
-5204
2498
993
796
-194
9731
1832
-2608
5293
-9619
-4683
-1761
-3151
7618
3595
-8367
984
-889
-5592
7539
-3623
3293
2236
9991
3518
6943
4906
8294
4172
147
797
2591
2453
-4521
1215
4127
8457
6222
9485
-539
5241
7192
5229
-9120
794
-5720
2060
9162
-911
1221
307
7195
-7055
-4474
5105
-8637
1427
-207
3188
-681
9333
7027
7908
8069
4708
7308
-1986
-3966
-2251
6391
-5117
-9275
505
-8616
772
-9701
67
1187
-3476
9980
-6440
-5061
7187
6287
-357
6278
-8603
9292
-7579
2430
