102
5884 9724 8014
1736 987 2959
7110 2191 5543
9074 7477 5665
4521 6077 5796
3 1474 4850
302 1387 2672
3982 2174 2252
4969 4375 9479
3082 776 220
1855 9750 7368
9459 7622 8610
6013 1759 5761
1922 341 9686
2722 2824 1098
5023 2307 3017
9266 7028 5275
4377 5272 6316
5650 1851 567
837 3034 9808
9747 2819 1637
1680 6692 6936
2427 3355 8513
3206 3939 3772
45 3122 7146
968 2930 2607
3038 3411 3727
1484 4923 2997
3019 9767 4866
5294 1514 7717
8071 7373 219
2624 5997 1541
1474 1106 2532
948 1625 6976
3118 3538 5309
8549 5109 5001
1604 6925 4393
7351 9633 8072
8144 7033 6763
997 6115 2672
3252 1298 5779
9651 2009 2264
6516 3588 3390
5030 1847 3416
9072 4502 1042
5457 1641 6702
7621 7854 9293
359 3805 9415
1092 1590 3863
3547 7876 9575
8071 6986 7740
3244 5161 9566
8893 9731 5585
4380 2169 3177
9261 4371 6075
4555 9921 607
6661 7859 2377
9575 5308 33
1634 7512 2908
7743 3558 9347
5 7151 1515
9412 1561 9654
4848 3169 2514
9102 2921 5658
5598 5777 2890
6121 6340 3349
4375 1748 6187
4534 9600 4513
4234 8956 2447
1079 716 8180
5972 7505 5081
1188 2305 5799
7520 6307 7712
5821 4974 2010
5596 9135 3632
7117 1264 3378
5892 1638 7583
1863 7254 1073
4927 703 763
27 9691 6911
3759 8588 5170
8924 9205 690
1143 5597 1917
8413 7104 4172
7721 6080 6464
2829 5471 5522
8360 4379 4034
7006 2049 182
165 9963 192
9713 7520 9060
1568 8073 7833
5423 1132 7690
7332 666 3702
147 9234 7434
4147 7693 9966
4922 8376 7813
8995 9309 227
577 9573 9746
8121 727 8958
8257 3640 585
2908 4159 4061
289 4051 8566
