9931
3535
5226
8142
3231
6564
6881
2829
3222
6958
9210
3813
3053
7635
6869
6333
4600
6245
3667
5788
8240
592
5180
3962
9367
7449
6725
1099
7014
8375
1816
4852
1676
5601
7587
3577
5632
3947
8246
336
414
6941
8293
4979
8161
7960
8074
8942
1811
2601
250
2811
8056
7520
8802
9617
317
6063
3394
7315
2461
2605
9567
8811
6420
9723
9308
7869
70
9487
9888
3564
2158
2401
8814
9516
4501
6083
825
7463
991
5996
1240
9646
2001
6861
5998
3714
3265
9773
9810
7940
1731
8576
6589
6548
3530
2040
4987
4260
1983
7062
2231
3151
1510
7893
7743
4556
883
198
3366
3838
6833
9997
2094
996
823
8772
5951
4481
5792
3414
9508
9225
4461
5220
2959
6782
5957
4450
9103
2965
6415
8460
9348
5347
9756
7001
1614
6521
8766
3132
9770
9246
5048
1936
236
3213
8644
7980
1872
9295
5620
4454
9077
9880
3888
1582
5623
1477
170
5062
2952
4544
8411
1879
9462
9553
7949
654
7699
5687
7104
4325
5342
4792
9160
1263
344
4500
8558
259
3262
7862
8765
4789
3965
4458
7436
159
2158
8253
9984
300
6609
7705
3403
3183
4286
4130
7141
8658
8520
5284
6672
1040
8818
7006
7295
2283
8276
6223
7309
7612
7293
7215
3172
3813
8173
2288
7262
4225
8048
8995
3533
5058
4951
4842
9324
4289
6351
7741
7099
9409
3260
3098
4189
2510
6989
3290
6886
3801
5217
5014
8640
8938
126
6859
4197
3620
155
206
1187
1903
3467
570
3723
7414
1178
7655
1274
2572
8045
7971
8623
9892
8037
7363
6344
609
8386
3019
4979
3896
6295
635
8279
845
3447
1321
7169
3911
8249
5097
1472
3845
9042
3418
1085
1072
7532
4440
3515
419
708
362
8001
2821
9470
6713
8424
6760
7531
6309
2935
4264
4764
457
9632
4997
8405
4989
2752
4148
3335
9662
1295
7746
3541
4687
335
3806
9752
1434
6558
4039
5082
4211
6504
830
4842
9442
7503
9658
245
1026
6810
7998
8503
1082
2730
6249
9963
3551
1597
1209
8301
3364
4612
2656
2043
9574
1417
3233
9775
6165
3474
5583
8054
4857
2028
732
9827
2869
2894
2004
1605
1804
5008
6667
9377
3287
6526
8469
1714
6927
7599
4531
8449
4579
7804
1794
9775
4730
5641
3777
7609
5267
88
5396
5030
7096
9613
4809
226
4670
3474
9685
2066
9557
3017
4270
5083
1759
352
605
1249
8660
4343
8966
4113
3823
9075
4038
5161
651
1370
2931
351
9861
8460
6715
7322
6325
6384
6553
7892
7175
6083
9091
7543
8129
4305
6644
8882
5771
2202
3216
3798
7931
5770
592
6925
9182
1407
4679
8737
9616
1595
2522
1008
2279
4749
9748
9945
6049
5202
2043
978
5928
8070
2426
1351
1736
9755
9721
4642
1613
468
2180
9208
632
7154
9004
4954
1918
9345
9116
9690
2385
1303
3299
3928
725
2088
8775
7463
1724
8732
5115
3048
331
2791
7285
4755
5488
1092
2529
2339
6915
428
3414
2664
773
4954
5862
5756
7712
4067
9128
3960
5904
4647
6030
2426
6523
9729
6515
5211
6093
9967
9710
9427
2229
9038
5197
2792
2952
9137
8232
9387
7441
9342
979
5657
7205
2195
3353
820
7371
1081
4554
4696
6013
7235
5189
762
8304
5722
7926
4558
9423
9074
2514
4966
2905
2853
4942
2758
3417
9516
336
5968
6700
5549
5129
303
8999
1370
5741
251
3131
6133
520
103
7230
5611
6979
9814
3615
9242
1685
5999
9329
7270
7663
1252
1083
3660
2107
1525
6847
5087
8692
7808
6999
9417
576
6106
1501
7742
4451
2408
101
4530
8137
4810
583
9945
2533
467
5974
4815
7940
8906
2976
6382
9221
7091
6286
381
7768
6854
6176
6819
4821
107
265
4907
9314
7900
1946
3127
4093
3623
8030
8532
5669
1711
5815
3436
7804
4980
8175
9486
7131
8420
2152
7524
1624
2766
6493
595
8928
2077
5927
1943
7169
2060
7524
4665
6158
8276
3786
5334
1027
7205
5797
9672
8147
8975
6902
2776
6972
546
7005
9372
1105
8095
3199
3044
2271
4149
7331
1701
7434
9342
3888
2633
9671
6571
1273
8219
8802
5192
6583
4661
6262
1102
5725
8038
3119
7601
9319
5556
7544
8090
8897
4972
3604
4441
2265
7318
1653
2044
1102
8642
3862
5573
4174
73
5915
5892
1581
3442
8719
1166
4506
854
3796
525
9172
9950
6246
6931
6923
8549
4846
1698
7548
1367
4419
7795
8742
5565
5978
3175
1457
5751
2832
305
5058
5426
1449
7223
607
6397
5800
2890
4765
4343
697
7111
9353
9930
3785
2703
205
2540
5911
3985
2480
4267
5131
1123
2007
1689
4192
3928
4926
5344
585
7723
5180
7447
2317
8434
5741
4885
7076
4348
5649
138
5485
5828
5629
6885
1101
6378
3062
9916
1802
1110
3131
3672
611
7613
3596
6463
9414
1388
1780
6373
3465
6175
9783
5185
6231
2007
9820
2014
3417
7929
8337
3374
2194
4084
8680
5418
342
8110
6085
9530
8002
5838
2655
2118
105
1684
1854
7849
4541
3624
6885
4007
767
5759
6845
2435
9485
3095
1429
6145
8371
5579
1545
9297
6088
734
9452
9292
8765
1201
1388
9459
5093
8656
9119
5849
9583
5752
8207
4604
9004
6172
300
7692
7578
1613
4501
6186
7778
2084
6046
2893
7809
3978
7536
3259
8896
9432
7030
450
4128
6766
3970
2754
6747
9504
2990
1030
801
215
1201
7349
3855
7937
3262
6693
8120
7921
2543
3299
1720
752
593
3403
2694
4072
9135
6129
9355
3323
7165
1068
4386
6936
8265
6818
3172
9839
9554
4665
3245
3905
1829
743
4381
497
983
2612
6588
180
426
6532
9396
1994
942
4763
6579
236
8506
8250
9660
7085
5362
9347
2548
722
9322
4419
1975
4116
3765
9689
7979
8778
1345
4487
3535
2298
398
4515
9594
1399
7538
555
2961
5134
4637
3042
5547
4675
2970
3575
3109
9796
6569
565
6695
2734
7378
3586
9487
1726
2412
131
8039
3306
8524
7823
9115
7877
7092
5069
957
1297
8411
5190
8755
7127
3760
8957
1504
4938
422
8168
3023
4382
3762
7121
8055
8951
1117
2891
4200
184
6691
7348
889
4454
1035
6022
751
4452
2602
218
6301
4659
1425
6963
7396
5618
7456
7538
2287
5809
821
7536
3993
3042
2668
9489
5080
7004
2822
1514
7607
7877
136
1106
1596
5432
4287
5660
8201
3154
8993
5451
7892
4940
2400
9626
4835
3583
9311
2118
1993
9129
5798
5595
4824
7703
4169
5161
7897
4181
3789
9204
4933
1008
1298
7157
7340
6576
5671
9637
3439
2539
7986
3382
8202
3713
2363
3479
4699
2706
4121
3560
7364
541
3319
2256
4567
3443
1741
5050
8142
9290
5165
4587
5778
1863
9898
2042
417
2285
6133
1464
9339
8853
7503
6078
4399
790
8469
9487
3638
8683
7387
1067
7894
2096
343
8449
1347
7475
7807
9677
2904
6185
1770
8989
8787
4468
5623
9911
6821
9641
2581
9423
5169
368
4630
4689
9212
3250
6779
7709
2259
3723
8897
5408
2830
9043
4729
7810
8700
9930
7605
5927
4272
5503
8457
4355
5119
9300
150
1092
8459
4513
5841
1602
3813
756
2653
5919
2082
7597
6358
5934
5073
5564
8371
6558
4949
862
8225
206
3723
7737
5870
9029
5525
4164
7579
8569
2269
2470
3558
6206
3455
2335
7009
3921
5123
4940
4857
8603
6175
1002
4577
7049
1986
2890
6073
8396
723
6608
1652
9879
5236
8816
8444
9476
9319
631
2537
648
5526
422
6966
5426
6012
5618
3552
3249
9123
2910
950
7407
8142
9163
3372
4493
8154
8254
5513
7190
8408
5849
6965
4838
7035
7807
5800
5812
9706
2317
8207
2879
3448
649
8727
5644
8508
4461
8662
4595
1162
7395
3651
7291
2430
5320
5943
7590
303
5642
2755
6122
7726
8616
6927
3006
4312
6672
2309
2081
7917
3883
2202
4291
440
3020
254
2940
8724
562
5431
4375
4574
6044
8593
91
1809
5052
9271
1111
6950
2141
5346
4499
6245
2008
9715
9142
3214
4472
3394
3124
9838
5401
9825
2459
6897
7206
9153
5940
8951
9058
6129
9155
4723
9793
6269
2562
9220
4023
9873
2069
7823
9937
7511
2847
7012
7568
53
4242
6237
3464
8276
2565
170
4279
5740
5598
5814
5519
4188
9016
3902
3120
5273
5871
297
4660
7294
7151
3641
9595
2197
9107
7068
5884
1259
9610
2350
7756
4853
2147
3022
267
5432
5464
6760
4717
1024
8960
5880
8020
9091
3911
9934
4491
7944
2217
2492
6819
8115
3695
9647
5822
6740
2791
177
1736
8174
4579
5983
8481
8800
4390
9713
8998
3664
8359
3902
1128
7028
6237
3937
4122
1938
6122
5208
6462
9553
9414
8809
9662
9973
5549
6206
1104
7121
6690
7042
7869
8388
5757
5200
3174
9818
2969
3937
305
1917
9896
7500
5640
6705
2087
8589
3069
8598
2965
4712
7510
916
7412
3010
3783
7201
1168
8811
3784
5261
2750
6895
1504
2562
8784
844
5465
5449
581
283
6955
7919
5459
323
6680
4665
1731
1556
1324
9981
1793
6889
4860
9530
5114
7242
9853
1404
8614
2190
1633
7468
4080
1129
547
631
8531
5605
9096
1964
7892
3073
8151
4596
173
8734
7486
9278
2228
4456
1777
5079
8183
3373
2069
364
4474
7341
576
707
6586
470
1805
5685
1386
4446
5025
5927
8842
6607
3240
3156
713
3124
2754
3624
8310
7268
6144
5681
9134
9974
5470
9363
494
7962
8814
5440
1574
5456
4965
991
4687
7173
5492
7456
5393
5893
9604
2465
6930
6415
9546
8844
2137
4466
70
9079
8326
8769
7662
2109
2750
2351
1196
7165
3847
7464
7214
3942
2919
9380
8081
5245
7899
3917
1425
519
4980
2751
2799
2170
2779
1150
9505
9093
1490
6622
2602
8729
5437
434
9569
3006
349
3396
9333
1503
7434
2049
1767
297
8389
9346
4241
1071
3595
9676
1221
8113
8706
6613
3368
4955
1252
2938
5313
4234
2550
3107
3708
3995
5488
4779
4092
9892
2907
8454
6094
1231
7182
6449
7829
4487
4812
1625
1959
6952
4487
1644
2347
7732
4306
7451
8421
3166
502
4997
4134
7966
359
3655
9200
7561
7143
6406
4564
4623
6228
5680
7633
5122
7736
8898
1693
5203
5091
9050
8452
9830
3480
6100
1020
6499
1128
6458
6677
5451
6624
8415
7311
3232
9566
1841
7508
891
577
9683
9424
1764
4343
7277
4138
5286
2484
6490
7104
5354
4129
2976
9963
1584
6042
1255
9547
9888
5874
3997
5617
223
9413
9612
5110
7341
1103
7897
9746
8132
237
3168
4193
7831
5531
7375
4916
3199
5189
1366
1220
7316
5169
1740
5105
2403
781
8653
7522
4697
380
6838
6223
1600
299
6822
3059
9734
9266
7418
6176
3663
2600
3305
700
6156
8066
5691
8152
589
1824
8670
9376
4860
6470
2304
8731
9133
9858
5890
3719
7721
9518
487
3519
469
6401
7707
1603
5047
7843
1779
1204
1500
5173
6390
4242
1822
630
1051
5669
1022
1596
2150
8012
4802
6185
8188
4288
504
9000
9313
4262
5617
1716
1888
5846
2501
4385
2755
4670
8969
6791
7490
6900
8034
226
1252
7860
5647
71
2160
9552
2890
8704
7213
5580
8319
7521
5879
6036
8444
4972
5114
3313
623
5462
6105
9078
7820
5744
2902
1228
2022
9557
1543
7854
8808
9894
9279
8500
8667
7079
4118
4782
9684
6081
6948
8248
4368
4543
2548
4807
8194
1016
2430
2674
5733
9215
6652
9463
8948
3317
9473
5263
2168
9459
5177
6125
9172
382
719
5419
1178
2149
5795
2660
808
3963
5835
6201
9748
4960
5968
8225
7068
170
8741
8942
2944
2161
6075
933
5601
7859
1862
1299
4286
6417
9950
5023
2174
3098
6582
6354
201
1954
9719
5869
8130
8285
1953
1390
4099
3397
2473
7721
2744
6589
8883
4511
1201
5310
2880
9072
7782
8156
4956
8129
6109
9414
9591
6166
7549
6057
3807
5475
9442
116
6007
582
5195
9385
9171
8297
1694
1097
7978
5416
1546
1134
8399
7106
6995
4674
9537
8635
4831
440
6029
9479
3446
7671
8168
5017
6859
5779
7552
658
4252
4681
952
4477
8986
5379
7301
1448
1953
7260
1653
379
7106
6787
7730
285
8305
1774
6318
1305
8804
4036
2390
7348
2933
376
6568
3864
4663
8173
2467
101
2941
1554
4106
8170
8485
3364
1509
8204
7251
3139
8606
2337
8729
396
2029
3948
6380
4168
5638
5132
6870
9088
9158
5420
5993
6631
5615
3813
8027
6677
7833
6445
6449
6095
4385
1039
3801
8022
8227
4753
3805
3062
2896
2935
7684
1925
2608
3593
4694
8233
7059
9893
6107
6347
9051
3632
6064
9322
9620
2548
7237
1988
4499
7155
3657
6850
4469
6857
3363
9554
2328
7440
2765
1339
6909
296
6170
3122
8599
1622
9227
5438
563
3048
9010
4764
8655
5778
6006
3450
9252
1607
2852
5607
7194
4317
5153
1715
8152
140
324
5036
8267
813
3272
963
5932
6706
3081
2124
9023
5223
6671
3784
7178
8240
8916
1896
1163
8435
7214
1654
8550
367
7473
9582
7236
4616
3861
4203
5384
9498
73
6761
1115
9440
1558
4746
3477
7374
5417
5783
9199
154
2370
9300
667
9835
6346
3901
2136
7012
6692
8011
6030
9215
7374
8016
2850
3693
1685
122
9593
3686
53
8736
5960
7647
5037
7164
932
5317
7707
6388
4246
4243
59
8677
737
3761
7911
1407
990
9968
7536
351
5162
2151
592
3053
8642
1923
7424
3843
7566
7963
226
886
4331
1120
362
2941
7665
196
645
1306
6013
9306
2574
185
4477
8914
8001
2922
1769
1178
5246
4769
7219
608
5288
7180
2495
3081
2547
6117
3517
9151
9381
3979
2268
1597
1798
8623
6838
9092
3756
9334
3719
1028
4287
4213
2093
9524
8964
1893
3377
8309
525
6904
7467
8148
5608
419
9876
8902
7785
2712
4659
9366
7381
5523
3659
2141
6034
5860
5626
6929
4487
8635
3458
8322
8405
3918
8156
5341
7565
5521
4956
1253
1115
1261
9073
7632
7754
8072
6134
1129
4526
5143
2740
2759
5186
3690
8922
1723
3465
1087
7048
9260
5416
3869
7720
1917
8480
5623
2118
6985
9528
4557
1268
895
3538
4343
7497
9894
7449
1187
4115
3095
3728
8269
9005
4921
5778
6665
2712
3746
7510
7202
2035
5553
3264
2915
2698
7717
8649
3154
6788
7810
9870
7811
1857
1304
8085
2262
9091
1372
7874
5506
6079
9779
8074
8199
3205
7563
7363
2298
9417
6070
5117
5415
2574
2567
3785
4481
367
7302
9247
4561
6981
6749
5779
2382
4468
7831
1529
539
4348
1726
8472
2748
2512
7632
8722
9736
7977
362
1135
5369
2679
7582
5223
5878
4214
6661
7568
8459
5202
73
8799
7051
5254
1570
9685
1827
4847
6144
2927
1078
4388
312
103
1313
7959
2904
5345
5475
1391
6355
2889
7440
7520
7317
1418
798
3630
8934
5024
1283
3874
1921
4817
6192
4587
447
3849
8666
9982
9319
3353
3497
5410
811
8531
7542
4003
4522
3857
6590
2451
4278
9094
7516
1558
6536
886
6925
5970
3181
4512
5288
6584
1275
5528
102
5937
4590
7508
3982
3759
4425
6476
3946
9871
760
5968
1761
4164
4219
9945
5333
6524
7093
631
7845
3045
4052
8996
4931
4045
8916
1577
6642
9558
4970
9722
4485
8998
7438
2883
9710
348
1760
6694
2121
5985
9169
7142
6801
8663
6498
8804
5102
7684
4116
3033
2444
7850
9188
4925
3692
5223
6708
3904
7156
3103
3782
7775
615
2196
8256
958
7476
8554
1744
6901
6289
121
1398
4182
1849
9450
941
6557
7047
7322
9757
5370
4885
2757
5513
1330
60
7964
9402
2757
9835
7859
9842
1083
2157
3126
9191
5931
7828
8365
4838
8956
456
7456
6293
392
3399
950
7660
327
4338
2517
345
377
9359
4750
8920
7647
561
6844
8067
5454
5648
3371
1694
7721
7388
4662
2488
5784
5032
9368
4045
2997
8829
4812
1615
1948
2841
1783
8180
6497
3789
6133
8876
643
7047
797
2031
6215
5805
583
3688
9580
7588
3290
5028
7300
6030
3845
7883
1604
378
4568
6688
6088
9050
8247
1704
1370
7410
9164
2449
5981
900
7853
1729
6699
9038
5323
3985
9261
7174
1895
5596
8049
5377
6524
5969
5869
8426
5571
3795
2417
2114
7096
8703
3945
6714
1781
7014
235
4082
2948
8953
629
3628
1213
7250
3626
6495
4493
3872
326
6582
7671
3342
8487
2341
1811
7545
4130
6826
3347
1264
1100
2280
6370
4049
2531
356
8937
1347
3171
118
5664
8854
6027
6802
3412
4580
2944
1275
774
4277
7521
1465
3337
2171
4260
5130
8784
5145
613
2671
5667
8203
8583
9475
9323
3940
1496
9758
8216
5533
5791
1531
391
2881
5210
2269
2580
2644
4555
7718
1194
5811
2532
2926
9916
4198
6979
7312
1562
8099
1551
3578
6721
7176
3916
8426
7230
7048
5058
8917
4918
7047
824
1031
1300
5811
4508
2514
6296
1876
1520
2142
795
9397
412
8778
9410
4419
2964
8816
8237
5245
8856
9014
8917
2342
4672
4785
7896
7092
8241
6938
918
8108
7108
7772
4420
2488
6452
849
5744
2672
1360
9284
9900
1202
9684
1886
583
4025
3416
9330
1951
1326
1213
4230
715
6132
382
8287
743
9821
7614
174
7584
281
8918
6935
7000
6834
4115
481
6868
3728
3190
9175
7660
9657
1605
8566
4367
4521
7012
9019
430
9712
5752
7826
9248
3775
6730
6600
9951
2489
8036
4837
5161
3292
7058
1829
6699
8811
941
4331
4302
2843
733
3239
3614
3840
4073
9271
9798
633
5184
2202
7473
8855
1283
4320
3563
9236
7302
5531
8521
980
9576
4271
3869
2000
8568
3813
3318
4322
7423
7025
320
3647
1992
9515
545
3115
7962
5836
9281
6568
6828
4219
8344
6298
7169
6709
4121
6358
9591
8361
1574
3615
4668
3005
8564
8315
5622
8637
9663
1796
3200
3802
3116
8415
7706
2057
293
8040
3248
3613
7653
7243
4516
569
1161
7185
401
5124
7637
731
9752
2857
5616
1426
290
9161
3627
6817
4537
2287
2207
7581
2254
474
844
897
5243
1826
6279
1687
9533
6003
6370
6862
4183
4419
4788
723
6389
2827
8640
5838
5559
772
895
9176
2612
6816
2850
485
6846
8515
4089
8379
7157
2023
7676
2913
2754
422
9255
7421
3975
8754
9255
2026
3073
9934
4241
6190
1351
4249
8748
2984
2136
6645
1199
1201
2981
3087
7053
9987
2153
6981
8297
7960
4180
9580
7157
105
2179
6963
6488
8236
542
9662
1006
2649
3100
1035
371
530
1103
314
2511
7552
2778
5597
4011
4073
6604
2543
4899
8323
3924
4064
908
2469
2139
6577
2854
4664
2898
2964
8238
6723
9952
9638
7787
7886
1218
2378
9297
7812
9786
183
8082
3981
3929
3503
5810
3150
3833
7139
6746
1175
6966
9245
8163
2420
8659
3150
8744
9407
7994
367
9813
8022
3577
7660
9262
3040
4625
7023
8379
7694
273
3620
1746
8200
85
5535
8817
3865
7042
764
9320
6032
8729
9626
2454
9663
741
815
5212
2711
4654
3721
8045
8038
9169
9070
3885
439
5290
1108
1320
9668
6759
1772
8015
5737
3908
3060
358
4033
4772
6681
7363
7544
3753
6250
158
8743
2581
4403
6051
4579
2463
2201
754
3293
5320
178
7488
2781
9875
7117
4377
3825
2444
2140
2122
4878
151
6724
8379
3469
7536
9807
8276
6758
6707
9311
3200
4211
7398
9833
5767
7599
2842
6515
2258
1629
3067
3708
7811
4407
9276
349
5653
1135
9634
1917
1283
7726
3084
6626
9617
188
8656
8531
3061
9495
5659
2589
3098
407
2622
4867
9617
9735
4421
7264
3229
1198
1664
4404
8517
3496
9688
5577
5162
8024
6463
8104
8825
6603
8113
3383
711
7579
1041
7246
7334
1730
6539
4521
8408
5247
9534
6592
2906
4348
8130
5567
912
629
986
5254
4327
3277
6588
8420
132
7204
8793
1937
111
6390
7917
7769
6648
8442
7402
4129
4660
902
2306
6625
6378
8216
4373
3583
5290
3794
4726
1047
2537
5841
6748
4768
2983
9393
7864
6594
9359
8501
5960
2042
4696
2685
9311
1725
3930
2688
1994
7334
908
6792
1403
1885
5914
9192
7005
2628
8331
1806
1312
6449
2289
2062
266
7850
2705
3152
5655
5146
7760
4477
6742
3505
1498
261
9148
1487
2771
9138
1918
4858
9396
2040
2067
623
8729
5932
5228
7286
729
4319
6603
7095
1684
5916
5084
937
6224
5000
371
801
4483
3130
8352
6403
2823
9678
5413
1816
2268
7030
2292
2632
4764
2160
4278
2532
5582
8382
9921
2648
4389
6104
8643
7334
7571
5326
9650
3727
7362
4556
5687
8618
7619
3600
121
2737
4216
8615
1337
2223
2850
1102
3403
4839
7357
350
8854
3797
5581
344
7226
4406
4838
8582
767
7157
5755
654
1034
4387
1979
135
1109
5945
6610
5988
6682
6390
1151
2571
3363
9526
6568
5855
8107
2609
3192
6055
6759
5145
6329
7400
5742
2750
9894
3282
97
6998
9504
1135
4735
1543
5011
8962
7278
7633
1856
3447
1390
9780
4588
1705
6726
6932
682
2635
7428
1404
529
7733
7096
1644
6741
8211
7867
4359
3120
9462
1864
4100
1739
9890
3054
6249
4041
9795
9497
1870
9465
1194
8097
5007
7453
7384
2949
7128
4816
7612
5723
4080
9757
5076
8298
2310
8022
519
5739
7819
9033
112
8208
4666
828
9960
5366
1199
2395
5805
3468
1525
315
5528
232
6851
652
1751
6901
2226
3570
6835
5859
8094
3920
4328
9746
1407
8666
9514
9592
8691
1680
3543
3028
6220
380
7156
2165
4952
6892
9139
5351
7681
3652
5779
6997
5841
4538
7224
8675
1945
203
5798
1624
1219
9083
6460
8851
9353
6262
7858
5768
831
8700
4975
8434
6315
4078
1122
3475
2994
1023
5587
7596
312
2780
3161
6058
6950
7776
3215
3818
4332
1222
6941
162
6332
7143
2065
8791
7713
651
3743
1831
8072
8084
2556
1046
3295
9923
4573
8337
3413
684
2501
5359
3074
7187
5150
9327
8486
9706
5190
892
2343
3707
3228
1938
9924
5148
5462
5129
9595
2002
3914
4861
1997
9153
4904
7447
9316
5755
9583
4932
1070
6078
4382
3333
9984
9606
316
1592
4848
1983
1717
4500
9181
9000
2485
9254
5589
1548
9953
2657
7255
821
4269
5884
618
1183
8980
6015
3942
8774
4460
5748
3088
1161
8513
2874
2555
1340
2735
427
2178
8238
4006
6823
9937
6433
7399
6768
7660
9306
8361
495
5763
3992
306
1983
6051
1302
9255
597
3796
3120
7962
512
1522
1262
1870
3749
9423
2368
4614
3038
7979
8502
6620
1167
5278
8986
386
6381
3513
9968
8542
2241
5612
8545
4946
8588
4276
5729
2198
3443
5324
3877
8665
9257
9667
7966
9506
5512
6001
1665
1441
4902
1349
8944
1247
4528
9135
7680
7675
7823
4148
9745
1676
9348
9382
8263
6669
1627
5004
2089
6892
5434
5681
4909
8584
2420
4852
1054
4030
5238
7869
6837
1481
5902
6415
1217
6397
3726
9972
3638
6402
9876
5316
5991
2973
4458
4653
7539
1171
594
8310
3794
7846
1248
647
7542
3016
5370
6864
1218
4040
8518
5111
5804
51
3030
5025
8940
8969
1295
623
8783
2708
2714
4663
8955
838
3195
650
4509
8518
4966
6763
8957
1981
431
6594
6406
1256
7749
4501
5166
7847
814
5844
4902
5474
7560
1383
1345
5956
4886
2922
1775
748
8638
9845
9428
7231
2237
4362
6210
6856
3741
8123
7563
7228
4136
7099
6183
8893
7534
6074
5924
8820
3361
7476
930
9154
2056
6597
1380
6297
220
9037
991
5873
5013
302
2836
9894
9028
7983
3913
2635
6374
8083
7563
9423
3680
4164
381
724
3732
1662
2270
4548
4633
2045
9979
4844
5946
5793
7666
7396
4442
7206
7014
8138
9784
6914
8553
3748
4441
6149
6612
3757
5398
9544
1221
5909
4658
7023
7859
5169
4495
1886
9257
9245
6882
4657
5534
2054
7033
8996
3628
2381
8672
2696
6905
7284
182
9185
1112
8727
2630
7417
8063
8916
7593
3264
8243
1653
932
6450
8678
2666
2411
1183
7238
8442
4832
6613
3868
5385
6439
1408
7348
9489
7431
9168
6131
4347
1777
5508
4110
5528
9430
9056
4688
1164
3300
590
7329
2423
2370
7712
5575
9346
7200
5546
6101
3202
2639
671
6057
5388
8371
5099
3219
6173
7982
958
2393
184
2510
2456
7558
7899
2994
3699
3599
5203
7076
9541
1525
4465
5811
3432
9675
4412
5628
6044
6968
4478
6519
4060
7184
6369
3372
2103
4931
7508
7695
7588
8554
1124
4728
5581
2935
9482
7969
234
2834
1987
496
8922
6818
7757
9746
59
3862
9539
305
5857
8476
4155
599
3991
745
4030
1657
197
6467
9415
7670
9949
6732
1444
6073
974
9486
5027
4161
1643
1519
3199
8901
7460
2096
3781
2899
6442
8273
5387
9162
3332
8281
7230
1514
3312
7822
6219
9427
4791
335
397
2758
2910
714
9919
5943
9316
3583
7420
1878
560
4490
4425
8664
2639
1078
3896
6646
7486
5362
7703
1453
5732
6389
2987
5914
5156
9541
8159
3206
9168
5671
9748
2009
6728
3687
8104
1879
6994
8273
7082
6809
7175
7718
5960
7265
4581
5128
7511
7864
7803
5466
3004
9325
4830
2484
6468
7721
3102
5127
3948
8400
4811
9676
1396
484
6158
1000
5429
3153
3673
1848
4878
6611
2910
1781
3956
1048
9322
9753
1744
6813
2674
8590
6663
6322
499
5722
3319
2890
4337
717
5458
504
5140
8594
6395
1190
5611
1555
3465
6952
9569
5230
1675
6517
748
6026
9671
628
1649
7559
477
7925
7278
6340
3268
9666
6457
5082
5196
5955
6564
6529
3473
3107
7530
2420
2726
8724
5619
9410
4583
2398
2371
1400
1778
8032
8499
1754
3687
8422
275
7267
5699
2219
9133
8012
1441
4738
6855
8289
4198
9436
4191
494
5940
4283
8999
7037
587
2160
7312
4186
2774
3108
9127
6238
5246
5943
83
3699
5055
1944
5854
8922
9147
6447
2418
2125
8667
8005
8988
6755
5762
7057
5024
5684
2951
1690
6492
5097
8777
6316
6754
2242
6613
5028
1046
4340
3040
3747
483
4311
7841
1291
9093
3409
6049
7206
7688
4982
75
9466
7014
7250
586
8597
3007
9322
3791
3802
2733
3453
1360
8828
2852
2371
3880
4673
8632
6491
756
1274
5160
2285
5770
1043
6828
5512
3171
8200
2028
1657
4213
9030
6427
2637
6856
460
2488
3945
5587
5755
3588
8945
5996
2248
3268
4900
5956
1231
3321
3523
2661
1035
7027
774
1282
7347
8983
8867
3174
7645
6890
1266
3874
2008
7324
7039
8568
4188
7424
2674
8132
4578
9026
3040
864
674
5811
3172
5336
2398
711
3296
8822
6409
6750
9997
4128
5862
1158
5639
3505
3916
5105
6009
9589
358
9901
2723
4815
7166
1925
6825
77
369
2565
3321
8077
5836
5489
7489
2530
9383
1480
3042
3790
7126
8808
8177
4781
3224
1338
923
2920
9312
7308
1707
5235
9967
687
8681
8399
7324
6490
8917
8110
2115
8812
1054
6796
8853
6799
118
1651
4262
677
6368
4681
4572
3242
2871
7515
8510
8897
9996
287
5460
1989
747
763
4629
9053
9143
9610
7158
3084
3029
8664
289
3035
9810
7530
8357
7743
7031
940
9948
5049
8986
4730
2134
2746
1995
110
2959
9470
5902
2273
200
2604
294
8920
5883
6196
9566
3070
9620
2556
1480
9104
4330
2082
5723
1164
7299
1846
775
2359
6613
2354
2584
473
2132
7830
1861
3021
8353
1812
2086
5696
5501
5472
5862
3001
3037
8143
3293
1345
6564
3156
9894
1844
2712
4559
4711
5134
1543
9661
5423
3368
2651
3367
2399
999
704
8218
8689
8937
4160
6712
4522
5833
6941
8146
6231
3878
8225
9102
1225
6888
5224
2329
1562
7979
1375
7283
6742
2614
7612
4240
4307
4598
4981
9421
3400
6853
9578
1085
3774
4182
2187
5794
4938
790
9965
3317
1661
4836
4784
3768
240
7126
1903
6607
4902
281
6613
9646
5604
2112
2229
5531
1395
670
803
652
7947
1635
456
8503
2717
6272
2387
3703
9177
3224
7105
450
3523
257
2899
3710
4084
3351
2858
1385
7703
7508
661
4402
7874
9974
8995
7635
3396
5660
1857
9709
3378
1852
1918
7242
3297
9753
4037
7458
968
4107
6072
7282
7763
4540
736
9282
7616
7780
3559
2449
7057
583
8848
8817
3134
2029
3539
6017
999
1495
9846
3860
8863
5171
5075
6354
6396
7485
3702
7678
80
7113
6164
9646
1829
205
2224
186
302
132
1085
6453
8481
1976
615
8326
8506
5216
581
2301
8871
1609
2327
683
8628
7392
7123
4041
6143
2440
6492
1180
9216
8735
3410
3022
9970
9247
3964
9844
7441
6251
908
2665
762
3856
3194
9315
9265
3067
1520
8608
4302
3283
6940
3657
2673
8141
5260
7216
7736
5599
8641
3514
3151
1559
6134
7433
9561
5567
53
4217
8867
8735
9732
3446
6853
4862
3828
2251
7625
3221
1008
7818
2475
8151
3417
8313
6340
5467
9077
7180
1359
4600
827
5243
9517
8635
2318
5772
1609
942
3185
4233
2785
8846
5336
2222
1488
7877
2990
8460
9934
5744
6057
5390
4572
7359
6063
2621
3401
3695
6984
5654
214
3015
8660
7534
4961
1914
3821
2681
8539
4914
8694
1587
9471
3551
6181
7725
402
6064
2520
8929
241
8887
5953
7173
2753
5681
78
2453
1178
74
1274
7496
8056
7281
7454
361
3764
9683
2282
7277
363
7514
712
5655
6778
5015
3321
2912
6983
9415
2963
910
367
6923
3422
6169
2511
9683
8702
173
6862
3341
165
2436
7443
9126
6642
4336
7348
3267
7520
7418
3880
3576
8052
9093
8057
2613
6734
3111
4144
9682
6484
2063
8541
7033
9701
6969
2705
3238
7218
8404
374
1735
5704
4278
721
5316
1583
5865
114
2438
4268
1083
6560
6331
1963
579
2604
852
5573
3817
4732
540
7738
9398
5292
7860
5669
7015
9816
4716
5572
2306
4231
330
9805
567
5112
3161
7408
1940
665
1913
8877
7230
5750
6218
6363
1043
4017
9320
9419
4244
1318
4033
932
1234
5073
3813
7213
6653
2118
7083
8891
9542
4827
5677
6592
6600
9206
5985
1231
3154
5852
1172
4848
3551
8959
3587
7356
7413
9589
7529
4743
2018
5876
413
9135
9523
8464
646
4250
2223
7930
2997
9013
4102
9461
1157
2248
8477
1152
87
5313
8998
3488
9633
4959
593
6187
83
7905
933
5226
544
5398
2362
4090
5169
5671
6170
9307
980
8182
2093
3608
5496
1980
8408
77
7608
9226
4061
7624
7309
1963
7295
7298
3946
4353
7746
5295
3085
1205
5066
8752
3619
5048
9292
6027
7885
4788
7269
9235
1240
5515
5470
1323
5738
6939
1076
8526
1961
9827
3953
6579
888
1021
127
8813
4628
3877
2579
6295
5104
1201
9795
1841
8477
5263
3497
2831
6143
8209
585
3517
6907
4323
9705
1794
5188
4293
3280
1722
8957
7495
6951
8947
3256
9784
5441
9581
6070
1311
577
3127
2347
3752
4042
5295
6906
2339
5157
1306
7331
2824
9340
1589
3970
5259
6683
134
7792
5349
2926
1684
4903
5530
8410
9346
3017
7894
9049
2317
3364
5429
4006
7958
9137
795
4139
9840
4559
8385
3143
532
4683
1723
4565
592
8673
4307
3875
9038
928
2636
5411
6298
9794
7626
8011
5059
9109
4045
2283
6816
7031
8672
376
2459
7929
2289
373
9463
8631
8824
2718
2620
7950
548
9806
9883
1994
9294
2102
9738
4018
1238
9656
6282
3872
8261
5270
7907
2100
4849
9831
5854
2248
9187
7400
783
3520
3624
7753
8723
8490
7778
1994
6398
3543
8400
6456
3950
3219
614
8391
8553
2681
6174
9464
2675
4422
1969
4822
9880
267
2870
865
1470
1609
6067
5556
4347
1302
4152
5058
9917
4255
8371
5817
8061
8719
3487
2405
2373
4807
8331
3702
2284
3429
5184
5838
6397
798
353
8974
6547
3570
6301
3780
8585
4092
6874
4459
3169
2174
6344
6821
1642
7846
9267
3679
5050
8896
6051
5434
332
3348
6620
9176
7496
2262
1441
3916
7318
9034
3419
1438
3303
2036
6691
4331
1646
8807
1505
6323
746
9585
8937
7751
2292
1895
8583
214
9045
6440
8693
8385
5840
8439
1723
2603
7222
3717
4354
696
2709
6349
5747
1446
1235
1760
1860
2996
7178
3896
8830
1582
7554
6493
2253
7911
6346
9619
241
5522
3356
4687
8396
3758
4842
950
8015
331
8454
7653
798
3180
4100
2211
6034
3447
8261
2046
4932
5275
2422
2828
2670
5582
8582
1114
2402
3406
2670
563
8278
8061
2785
361
284
1435
3014
6900
9765
1720
180
116
2947
7276
1581
2295
7122
4810
6763
9516
355
4522
3689
7057
8155
2016
4947
2678
8121
4908
3107
6459
8179
410
6724
840
5531
9945
2144
9654
5068
6691
955
4309
3861
7040
2006
6614
150
7463
7883
9163
6938
289
2659
7036
8776
9706
5383
7877
2308
4843
6175
2238
3311
6710
5394
108
5373
3658
5790
8631
5381
7058
708
6976
4284
3171
3196
1220
1344
377
2398
5363
1757
7423
1656
9555
86
5146
1232
6608
5406
2400
2508
5048
6949
2562
2164
5165
3047
5680
189
374
6718
5192
8606
3947
217
8583
8033
5563
2286
4906
1972
8401
9749
7103
3882
4836
264
685
5905
5027
6671
3451
9639
5679
3285
2291
3072
1638
5938
9050
5263
1047
3422
8735
6521
4656
6013
7127
3838
398
2708
3557
3942
8897
9336
7633
5101
6024
1960
8874
8314
1508
2735
9625
1208
1164
390
1444
7338
4661
6175
4100
6208
3625
5717
3023
6680
4163
8321
1453
2389
9556
6407
3635
6459
8441
8497
7993
4940
7413
7316
2068
5947
3711
3777
6197
9438
9757
2077
2984
797
8019
3167
5873
2115
6901
6326
9249
6343
649
256
6683
4911
3683
1617
5797
6549
8679
5030
2007
9782
6441
2804
2926
3219
7290
7082
2547
8163
3523
6589
8719
4539
2608
2435
2839
4766
1595
3269
1585
1163
6389
6652
8880
7312
6826
8508
1381
9141
7592
5000
6236
8907
5601
6458
4510
7883
7362
2571
2614
820
2402
5955
7769
2663
2040
6469
6039
5456
7690
2889
9280
5676
494
4853
5879
3719
3163
6687
9155
1528
8192
9595
6437
2033
2158
6727
9946
8243
8272
5555
1095
103
815
1675
2390
6668
1991
6061
518
5450
5496
8951
4830
208
8764
7860
4931
8082
2235
3023
7874
4684
2057
2446
300
1384
2991
3254
9217
8562
4070
2985
4767
6782
5268
9742
7818
9234
133
9497
1991
5725
2688
9409
5997
921
4175
8847
5557
7568
7963
586
1677
4391
2429
8601
4026
4330
4766
6917
9249
6192
596
3706
8221
9009
6040
3585
8848
1713
3456
6148
4780
2152
8374
8224
9253
3915
5793
8248
4695
4367
327
1945
8208
569
7804
5276
5490
2864
7638
6339
6890
8429
304
9422
6728
9661
2477
9739
9091
2893
4291
3656
7090
9658
180
1312
7168
1067
879
2139
6450
6935
6237
4053
2007
7378
7694
9224
5747
544
6525
8840
4220
311
7841
9522
1774
3219
306
6640
6370
4394
4604
2704
6887
7892
8555
9822
847
3907
7242
7824
9664
4928
1208
9138
3954
7573
6121
2555
1314
381
2305
2839
6041
9840
3794
4976
3130
2584
2581
8973
862
7164
435
2212
5383
3761
5780
2283
8262
5702
5033
8747
4699
6023
1939
8924
9592
1296
8047
3144
1151
9755
7879
116
3950
7271
5148
7910
2082
4165
1756
3291
7902
5173
8200
3650
1620
7417
7117
7726
1536
654
1230
7131
8455
3599
6715
5125
3326
6608
5448
6240
4679
6875
881
589
2352
7789
5767
2717
2180
3641
5455
5648
3507
1221
3495
9846
5459
4225
967
9520
3827
3452
5135
7640
2811
5172
5741
629
8301
7998
5628
7201
7488
3212
6396
5950
7421
4770
623
1561
6956
9879
5241
9254
8101
2883
6270
2509
1902
7731
448
7158
6963
7710
8222
7287
1870
7252
7948
6727
7471
1485
2862
1279
9283
9027
6008
2652
4506
6291
3304
1581
7327
4090
1374
9615
1836
2598
5437
3496
7742
2420
3030
3652
8131
5443
4779
72
6807
531
7649
8876
9813
3490
2594
5042
2609
1872
5403
5313
9553
594
4545
9965
8712
9384
8409
7674
9478
1900
5779
4194
799
9443
3876
1408
9674
2336
5654
9545
9212
9747
5984
8478
3271
9972
9535
9608
5221
5574
2289
5102
9220
2844
4801
3080
2287
1654
8923
4502
627
7867
2343
3831
8956
9521
4000
3633
4137
7486
8943
9373
5064
7710
4876
336
3523
7084
2431
8600
7588
4658
6471
7275
6970
7626
1206
8568
524
6682
3006
9564
6944
4868
6871
8040
6679
4053
8313
6553
5853
5785
4220
6802
9428
6803
8315
434
7479
4425
9472
2207
6557
3800
1481
8111
4156
9462
4151
2338
6078
1357
8208
5163
6546
9694
8469
72
7510
6415
1303
4105
6331
5432
7004
9031
4996
1678
7995
6086
8567
5297
4095
2606
7651
2709
927
3333
4502
8437
1127
8457
4288
4356
7574
3454
7758
576
9974
2616
9213
8058
8987
5694
7557
3208
9783
4256
8386
1313
6249
4756
1151
2822
6326
8526
8630
3195
5973
3901
9856
6601
2942
158
2017
3532
8756
8057
6159
8955
2398
4360
5054
7969
6940
2353
5619
8885
822
2841
2749
2643
7073
2621
3159
4590
8534
8376
371
5391
8230
3730
8401
1162
6659
4359
7748
3797
4996
5193
5607
6468
9227
2663
1778
425
8796
1044
5190
4999
7376
6930
9126
9307
9933
8707
1292
7342
5894
5447
9524
7318
8067
1353
1866
5901
3288
4315
3045
7867
6026
8401
4314
8530
3835
9571
2404
8864
1677
1665
845
2416
6045
9119
6975
9379
3568
1288
9041
5532
6290
4958
2427
7992
5009
662
9751
165
731
4262
1116
4444
8946
9658
9923
672
7303
8396
3576
8627
7901
2748
1874
4932
5501
3779
4469
5213
5195
6040
6218
141
3481
2043
4139
8060
2914
6554
3134
6088
2829
1350
2680
2085
3752
6596
9681
172
6992
6538
1459
3013
5997
5542
9305
9546
5193
7612
6994
1459
1212
7243
4442
6464
1694
3591
8651
9932
6297
8507
5858
3170
2097
7965
571
5564
7708
9179
943
7045
3357
1005
7729
6866
9825
8469
7997
8305
4501
260
4185
8149
7762
8202
9659
1819
9957
5866
632
6936
651
3326
9901
1308
2429
9854
381
274
9460
4963
2046
9983
779
5273
4609
1355
3589
8101
3310
9037
1323
728
9263
8021
8598
4616
4236
3918
2962
9196
2112
3663
1535
316
5461
1232
4797
5976
3369
9075
3497
9780
8887
3420
267
8595
4002
4233
3199
3652
7485
8906
1720
6792
9868
3994
7289
962
4001
7048
7056
3610
5221
5494
8276
4357
5681
7921
9917
552
9822
484
2449
6177
8535
6101
9089
9218
4540
2157
1271
4400
3517
4869
2377
2055
3437
5365
3740
3373
7765
1630
3583
4526
9382
8589
2834
9227
623
9408
2650
871
7712
6179
3681
7870
7234
5462
7139
7547
87
2795
6274
5211
9973
1961
7241
9424
5680
7301
6668
4093
4695
2653
9348
4435
966
684
9347
7881
1445
4853
2733
7439
4840
5524
2118
675
9698
6887
6031
2512
9715
6711
3147
7170
3973
479
6388
7321
8063
5298
373
1509
309
5999
581
6857
4457
4192
5011
1020
6705
7630
9131
7008
3098
3636
2224
6710
6558
6921
4203
8794
4342
4918
346
2640
1535
808
6733
9509
4630
5271
2645
5765
6251
2316
1889
9629
226
3958
4083
9755
5490
5977
6464
4553
7933
4180
186
2324
8248
9883
3298
8143
1288
6285
4941
8352
9154
8013
796
7652
6230
8714
1465
9956
574
2809
3859
4995
4299
5034
5484
255
276
627
1790
8440
8068
7653
6500
8620
2882
1492
416
5370
1963
9386
9748
6471
4305
354
3809
1179
6566
7596
6869
4650
787
2495
4347
5885
3073
2742
3984
5804
2369
5999
9213
4252
6621
2626
1189
9505
2909
1945
6157
605
6501
7965
2238
4703
3444
8244
5934
420
2723
1349
5721
7489
4973
2903
6916
8412
9976
444
8925
9989
3172
8173
6124
6883
8572
1890
6847
5971
7440
3309
1163
901
869
4903
271
9073
6218
4718
618
1784
4256
7860
5143
7138
7834
3935
8994
5198
3552
3748
4236
8280
3618
6814
498
9649
6709
293
2440
726
5404
2610
7452
320
1098
5510
6115
8362
5443
6742
9403
8956
2772
6165
7730
6478
1787
5695
2023
4836
8520
6606
9477
6687
3746
9045
4967
3996
584
975
1309
530
54
7250
6202
4773
5678
3336
9460
2045
4003
7241
8345
216
7472
3620
1864
4299
6163
5306
5472
3304
1973
9235
1922
4919
800
4970
6119
7410
995
8513
9306
2301
6410
9414
3960
1651
7253
9328
4517
2260
5025
8749
52
7893
5151
2304
4665
5090
1568
4671
8848
6745
8163
4306
576
1437
8261
1527
5679
4348
8844
7181
8700
9910
3822
4259
1472
8967
3307
4179
5005
9096
7140
9011
324
1122
5361
3646
1415
5057
1160
1438
4063
4263
7076
255
606
6309
6850
7948
1965
6244
4225
561
2398
4692
4432
6122
7170
7572
93
7460
4847
8779
3811
4069
5655
3647
6995
4244
618
3166
6844
479
6564
8512
2970
6815
4027
4699
9223
8742
6418
9385
8170
9876
168
9045
3664
6451
3123
1424
3015
8773
4208
7303
5806
1183
6555
3810
7944
2262
6754
6229
7271
6896
2289
2785
4425
4574
2975
4912
5155
8024
1225
8057
7645
159
7242
4470
1735
7802
5170
6148
5257
5501
6271
6562
6540
1390
961
2935
5748
8773
8697
2084
395
3064
2549
7159
2087
59
8180
9854
9024
1658
1131
1964
8343
7136
7289
664
7270
3619
9335
4059
1600
7539
9948
8471
4685
9968
5656
6624
3513
116
4832
7749
308
228
1016
8581
62
8100
3539
6944
5041
5088
5660
6961
4461
5590
5048
7130
2876
4315
2636
5161
8544
369
415
8397
6225
5819
5513
9081
8833
3326
4880
6270
8836
9003
1071
6622
6585
3358
6210
519
9679
5710
5696
7018
8010
5139
3154
2122
9245
412
5956
9155
1569
3739
4861
7231
7081
7008
7746
9456
508
2175
4665
6460
7362
890
7425
315
1277
5084
447
513
7805
1877
6734
5737
3549
6758
8480
3460
4671
7868
2540
7475
9433
4597
1967
1465
815
7549
6879
1553
8555
7593
7201
2451
9078
7199
471
4749
8087
1827
7828
8306
4328
4313
7914
7099
1780
2878
68
8948
4606
5183
1578
3047
6299
6543
2665
8892
5511
4895
7365
6487
3525
8341
2793
5522
7209
1697
6401
4826
6104
4464
6224
4319
7304
5010
7522
8718
1910
3338
9090
2066
9719
6052
9269
2033
9879
7595
7454
1922
7713
4426
3698
6489
6522
6702
6142
4748
9478
4417
2840
7246
6628
1927
839
9315
3789
996
7893
9802
8913
3984
348
422
4878
6318
7782
9545
3366
2570
270
4329
421
215
7813
5433
9829
1941
4503
631
9959
8003
3908
2511
7923
9036
5457
6221
3794
7489
3880
2801
1147
3030
3168
3809
4846
8510
1127
4798
2648
9998
6985
8670
991
1608
7536
9877
2715
7593
9454
5532
1819
9015
5370
1019
4045
3193
5123
1839
2218
4697
6105
662
8473
3472
189
8535
4686
5183
5312
7644
2637
5005
138
9250
380
5561
9471
8983
1577
8415
1664
6834
1257
5100
5690
7185
8960
6386
7182
1263
3078
4665
9944
2504
8872
1405
8513
1223
4017
6805
8501
1499
2573
1760
3483
223
2651
3068
5298
8932
902
4365
4517
9958
879
6221
7756
5711
8554
909
2329
3650
7079
3416
3094
2621
2004
6137
5178
3444
709
8689
5496
6786
3375
7838
6676
6283
3213
8306
2988
7144
1973
4454
4685
2039
3346
284
3634
6861
6804
7488
8526
342
9346
8526
9963
4929
9058
1602
4645
7373
4790
6205
582
7048
3626
9123
1309
5542
291
6109
6912
6217
2102
8663
7945
1030
8256
905
6309
8769
7021
5714
9616
303
1648
7162
8461
4877
7993
9109
1851
4314
6428
2870
7830
2114
1055
8782
6251
2777
270
1415
7902
8219
3010
662
4912
3913
3347
5089
7783
1226
3528
6465
7674
7204
4622
4516
2597
2687
3993
8162
4035
207
3462
1476
3945
4897
4126
7240
7596
7092
3531
7262
961
1702
9956
7991
9136
7636
2872
8751
9004
2931
7734
2001
6824
2161
9266
6197
8960
6506
2864
7469
6364
2049
6952
1528
1054
2743
7342
6115
7725
9335
256
4215
4752
600
398
1031
190
1311
2587
3323
1678
7211
1029
1894
8074
6696
411
5657
5429
6470
7559
3960
7110
2015
682
2012
5284
3408
7575
6837
456
5779
2318
900
8767
3454
9114
9721
7857
210
4736
3437
6149
8575
8088
2899
3777
7327
5511
6027
1041
2954
4556
95
904
9825
7012
8471
1808
7024
2089
4115
6397
4920
2340
4599
8288
3728
6070
6601
7247
7046
3813
1232
1196
5257
1950
7194
1443
1265
6829
1727
2266
1497
5500
3754
5490
6094
6160
292
2079
9362
7471
4698
351
9127
5808
3858
4370
248
5620
8587
9488
7850
4984
6934
4662
6524
6205
1568
5441
7624
8713
3003
7646
6240
8842
7625
6186
8942
1348
2799
1626
7725
3702
4341
1257
6235
7788
5554
1057
84
9541
1000
7182
7077
7892
4705
7029
85
485
610
7434
401
2438
5407
8124
5191
801
8964
2686
1371
2219
9553
488
5244
5786
2713
1764
6773
9453
4097
7029
9222
4763
1338
9552
5071
9146
9638
7057
4052
6135
528
2624
69
6635
4518
3371
9652
2735
7140
6085
8199
2966
5260
5277
9875
5891
7414
5782
8346
884
4418
8476
6295
3902
6758
9307
2475
9440
6558
8065
4967
1455
8982
8528
2079
1517
5088
3824
8623
5487
5735
3269
3146
8926
3150
4478
2160
5557
1550
8615
4978
4002
6289
9004
8392
8426
5617
6955
8818
3152
3361
5020
1137
6909
4313
2761
4833
4783
5278
6200
5440
2057
8636
1747
7884
4009
8001
5571
2368
5179
5209
7553
857
5068
5870
9327
8185
5662
9312
8069
214
3743
2200
8750
87
9453
1516
1267
799
9851
345
9676
7846
3839
8513
1085
9158
3160
8444
2968
3648
7489
3239
5563
7465
3576
7870
6154
9013
3152
8849
6610
5535
4128
7520
7275
5782
7768
8297
1303
2510
3216
3580
8971
8148
2089
8962
5707
9146
662
4096
2475
6592
5309
3603
3245
5514
7582
429
1807
7152
4489
542
8767
2003
4998
5294
9714
1318
7209
7099
7292
2743
7425
3940
4417
1664
1446
7543
5300
9809
1469
2723
3502
2920
6280
2664
7117
6776
9968
3544
9565
171
4424
5103
4331
4659
3128
6086
1461
7745
3656
9963
2545
3290
3163
5436
7106
5701
9334
1384
747
8215
6698
2728
8401
8147
798
9929
3222
4462
3073
2199
5240
7423
2670
3476
3101
9852
2770
1108
812
8703
370
7100
5816
6203
5624
6461
7996
5164
1690
6385
7023
5697
7250
3122
5760
8756
3327
9387
3168
1847
1683
314
1929
636
9032
7719
3765
3054
1030
7618
8601
556
6641
8970
5438
5389
1664
4125
8544
6153
8457
5157
9412
3587
6736
2867
5556
6593
7567
3282
3752
6644
2882
5136
2551
5265
58
662
3557
9819
7467
1228
2348
270
557
9707
1743
2100
1937
688
8785
1186
2419
460
5870
6263
7068
6284
2364
9665
3966
7973
3096
4173
7268
7551
2098
2523
2175
649
9982
8596
6612
1391
6751
2834
7126
2383
8576
2140
9493
2978
6697
7313
3640
249
4266
3507
5872
7820
5853
424
3765
7067
4554
4111
5677
6617
2285
2111
4880
272
8452
5206
4435
3367
9489
8909
3488
6712
7674
1120
9874
4045
6303
6551
830
8778
2492
1423
6970
934
714
5556
9876
618
1678
6457
8688
1535
9645
8177
7171
3169
8941
212
4205
1410
9936
6821
4771
549
4441
1634
8154
6719
8785
860
9427
9739
2356
5553
6035
4160
3706
2918
6512
9270
4975
3439
6688
8906
8114
5513
974
7968
584
9037
7222
5036
8151
6206
7395
8623
6233
3165
5460
2153
9317
7647
2691
7897
9179
121
7613
9662
2285
1695
5700
8080
9751
1555
8917
6629
1758
9557
1089
1314
1838
615
785
6231
701
5698
5839
1671
7288
2998
9315
7016
2682
7125
6435
3756
9951
2884
8753
8257
3023
4558
4520
1337
1368
4033
721
7537
4034
1194
8272
6332
73
632
4867
1417
1205
7506
7616
3068
935
5088
3278
6321
838
8833
5331
8437
3379
8827
7224
3479
8825
4207
7947
7618
6806
6877
7691
3481
3843
1133
6223
5730
6609
4627
9075
3450
6982
9719
8742
5000
9021
4234
5270
1583
431
9827
3527
5330
9010
4189
3783
391
5039
3985
5249
3643
9612
9952
4140
2337
5274
3829
2213
4265
8494
9023
108
8504
1532
1699
6159
5882
131
2516
7421
7851
3987
2490
7218
5609
7516
6706
4004
9779
6896
5922
3303
942
8292
4979
2120
1878
2034
6027
2171
1161
1779
8361
753
6940
6245
274
9017
651
3526
2788
5465
8416
1752
816
3845
499
452
8230
844
3807
1470
8746
6017
1487
8572
2563
4942
2561
7097
2392
9178
2519
5753
770
9582
8701
1226
3879
3653
7609
1505
4128
1682
3033
3563
7022
3509
1636
1425
5037
1267
7391
1916
6956
7662
5001
9346
610
8091
6284
575
2812
9644
7502
4719
8681
4880
3062
166
2441
4587
9842
9829
9260
1815
200
6732
5774
3360
9897
8795
5084
117
7357
6507
7204
6342
5337
952
9056
3430
8425
3218
444
9553
2702
9249
1391
2109
9722
6043
3058
6949
9138
5019
4422
3257
5653
7184
850
994
5773
7847
502
5374
6977
5187
4500
5917
1989
1704
8257
5609
2340
2449
7901
4589
8367
3016
5360
4617
6797
1349
6273
2654
5979
3907
7668
3708
3230
2536
6323
5277
1426
2810
5252
3149
2682
4996
8877
9590
2038
2635
4861
7751
5653
1274
3881
3276
6408
5863
4626
2659
9602
3173
5937
3661
1347
5604
5660
3042
7755
9076
7783
2215
8787
1219
3739
4941
4490
7493
1161
1635
9772
7852
2383
6536
8969
3332
8728
5170
566
2266
3872
5153
9640
1153
5693
5930
5001
9452
8130
452
1876
5474
9984
4743
2477
8361
1855
6219
1530
5709
226
1463
5962
382
1127
2998
3205
4487
3578
5187
7227
3415
6519
1704
3655
2488
2505
9911
1127
1039
7785
3847
5881
7664
2024
1003
1621
8195
4860
722
1790
9148
7742
8431
1205
3662
6717
9931
9402
2409
4372
5224
9299
8575
7775
7343
5486
5236
8893
4349
65
2318
4113
5430
3913
6348
2765
6072
797
4508
8515
8902
6272
9502
7505
9286
9414
7334
9415
654
5242
3313
650
137
6847
6637
643
3286
2873
7113
9868
1030
6923
2350
2241
4853
3331
5895
7969
460
263
8525
4460
1880
5042
6582
255
8286
4267
2945
8606
4658
3283
1740
5868
2457
936
4226
8966
9879
1132
3050
3647
3797
3500
3816
2572
4572
1828
4175
9901
2473
8188
8532
9802
7763
8056
3719
1407
2334
3923
3644
3606
8830
9454
9665
6035
5223
3988
3997
9705
5412
8470
2666
1809
537
5716
8951
4357
4442
4364
3174
1938
9567
7473
3887
3401
1794
114
6248
1885
222
6919
610
7524
1682
397
452
7451
5958
8830
8132
9302
1924
3037
6555
177
1428
9184
8787
3407
5441
9453
3873
9700
5629
6729
6682
1471
3498
626
5559
1550
5797
2686
5996
1580
1319
7336
4456
8487
4040
7143
5466
727
1471
8507
2952
4560
1319
8950
5535
8927
9201
7561
7884
697
2839
8755
3229
4660
805
5463
510
863
1076
1407
8124
8470
4125
7604
3189
2023
5579
1299
8257
3176
4692
9583
5092
4157
746
8686
304
9619
1699
4373
7744
3751
3263
7638
1144
6046
4862
3968
352
6274
787
3605
3904
6127
9870
3165
1097
7962
2693
4937
8608
314
1233
8200
3559
9281
4106
2915
9847
1310
4377
7702
5915
1603
431
5832
4048
8959
5253
8640
2955
8927
2807
2494
8217
2520
1809
9489
7620
7205
5349
355
5027
6276
294
6817
9912
9557
274
9222
2714
432
5366
6486
3274
8492
2125
6560
6551
6965
7182
4311
4791
4927
7234
3884
5572
3921
5492
5010
3509
2163
7957
995
1560
6040
2625
5763
887
1863
1756
4193
8527
5294
5691
6628
1338
8223
7076
5504
2864
2902
2978
3551
3644
8368
7879
1965
985
2524
3716
5693
6432
7202
1574
2803
1811
494
9295
8222
3937
6505
4834
1620
5912
8242
3657
360
4179
501
802
199
6623
1845
9566
5055
6575
5986
2957
594
8194
2827
3149
3810
5007
9766
9052
2110
2900
6808
2883
5790
909
156
3584
9408
7237
8288
6533
2611
7311
157
8310
1186
5803
2873
195
449
5458
6153
7445
8752
6005
6363
417
5485
8703
9918
4578
1434
4999
1072
6210
6835
2835
7417
5442
8903
5463
337
593
8003
2496
7700
238
5019
9595
6764
1676
885
6706
5712
4256
4853
9237
8483
4374
9351
6079
4047
795
6245
600
1290
2396
51
2018
3178
1714
456
688
2024
249
1471
5211
6126
3089
3347
3407
3712
6441
4398
2551
4402
7976
3566
777
8617
6584
1726
8947
3950
2970
1002
5637
6052
781
1542
5387
4367
1326
6287
6653
5605
3207
3854
6253
309
1576
3961
7139
5718
7468
5976
4902
7195
4784
4617
8514
420
3706
6123
9224
8440
5088
9808
4580
2831
446
8788
3088
5732
5115
2795
436
1511
4548
8189
7082
1614
8704
393
4640
4729
3953
1146
4292
1471
9773
9411
2127
8735
3600
6896
4584
7086
6816
3530
304
6282
3341
9512
9295
6690
865
4505
1188
6517
6071
8377
4752
7473
5014
6873
991
4599
5533
7004
9047
1521
4605
7732
3819
9533
8929
6827
695
2454
1562
2275
6266
4151
4279
7536
4511
1220
5969
3636
9572
5225
484
5607
9452
9715
2880
563
3549
3130
3381
6555
2887
7028
5825
9255
8519
7813
1506
605
108
5779
6750
7713
2271
7898
1593
7302
8771
1243
8830
7277
3876
5882
8900
983
2291
6350
2288
9136
4976
6478
4943
2330
2966
7964
3547
5336
2140
3043
2267
3370
5332
446
6678
8121
251
8886
1685
2715
8955
5864
145
7693
2831
8624
1653
8396
6384
1360
7310
8084
4627
505
4077
87
5998
9872
6964
5828
4425
410
7449
2187
5973
358
3041
8743
5723
1141
8571
7465
5220
2220
6755
4060
9693
3378
8828
4970
1588
9471
9947
5732
2451
3032
2983
2465
4542
7738
5528
9460
928
2845
7798
4080
7499
5179
7679
7597
1271
4316
4078
5315
9573
1366
2692
6426
5739
9387
9559
1500
4479
4046
5042
8264
5617
4802
2867
403
9225
5747
9095
2166
750
1515
8888
3213
5084
386
7490
6405
9875
3360
349
8518
4723
109
2590
544
5376
3347
2754
358
3078
670
953
3435
1598
1089
4536
8431
6754
2564
7681
1835
1952
3535
9738
1834
1058
9344
9343
1301
6454
3687
2738
7944
1089
4092
3266
2833
9077
1037
8794
9161
501
7246
3629
7536
911
8385
7366
1579
1709
2708
7428
5553
5947
9649
377
1410
327
5951
2449
8214
3407
2081
4138
1030
3994
210
1936
4519
2380
5712
2029
1173
8368
9633
7923
7078
8360
1227
2063
1411
4751
1029
7942
7699
9361
5066
3877
5478
1779
5207
1734
786
937
756
5688
911
9499
4073
2116
1745
7358
3923
1607
3415
5774
518
8640
9833
5430
4965
857
8375
7662
7761
5035
5993
6749
1050
782
548
2615
713
991
9695
6172
7597
6123
2197
9353
717
1462
2423
8095
4372
6613
2182
4269
8037
3746
6216
2732
3086
8217
9599
6187
5208
4835
8044
3707
9302
3273
7463
9408
9625
486
7167
7414
7096
7845
312
2429
6188
1702
4053
62
8305
8240
9214
1033
153
2109
1085
1885
3915
5009
7062
9565
2313
6555
8615
7511
2055
2999
3535
1140
9185
9181
361
3520
2086
9989
2089
3873
9031
9242
9205
1749
8620
9548
2558
8554
3592
621
2212
8350
853
1874
2898
3584
6328
3057
324
5146
2853
4733
1697
3512
3812
3992
7913
2150
2412
8083
2000
4203
5080
7370
4514
986
4238
586
9424
9348
377
3632
2047
7373
6279
2570
6310
1621
8462
7556
2949
9261
1577
6508
5968
4167
5371
5793
8813
9059
2343
9340
5295
2297
3430
4278
3400
8992
2267
2992
301
5445
4656
6077
7766
9031
5651
9353
1869
8881
52
5452
4497
5468
1782
7875
9168
6610
8452
8293
865
6568
524
899
591
1096
8549
5549
1573
420
3762
3017
7786
9797
559
8887
9446
4960
9648
2201
5090
6673
7630
6450
375
253
8875
6905
7217
6896
8237
6387
9407
5241
1169
3971
7786
8737
799
2480
5407
3418
2280
5037
300
8246
9806
2786
9173
7481
1526
1109
3129
5495
2200
957
9663
6522
2448
1999
1201
98
3343
5374
7233
655
1564
2654
5132
6558
6402
4723
131
3428
5835
5340
4004
3327
3186
1997
4969
1717
4511
7476
3858
5806
3030
5096
8951
2996
7328
4178
5372
3677
7359
324
7753
8331
3071
1748
3710
6640
7126
7717
7655
1868
6652
7848
4925
3292
2692
8327
9994
2529
965
1232
5306
1225
7851
6990
1365
4859
6376
6018
55
2895
8911
151
5195
9024
9844
3048
2380
5468
4121
4364
2518
8016
204
9537
9647
5390
4987
9942
655
4611
1340
4409
3261
8018
4308
4422
9940
9547
2496
970
6677
4061
539
2645
2345
6390
8238
245
6384
7940
5270
6288
4142
5148
8096
5422
4202
8274
6709
8065
9954
1982
5810
5404
7685
4474
9647
1413
53
5367
462
3376
2645
5056
1668
7144
9719
5330
2468
4588
8739
1057
7651
3987
5812
7977
3209
5772
3902
5776
214
2961
5519
7694
407
4577
5301
8981
9181
1770
1474
2387
1391
1489
9970
9552
1127
8865
4406
2817
7572
4880
676
5326
3135
401
3196
4153
5097
3686
8912
5735
8610
7002
6327
799
4388
9861
6643
8251
6851
2282
9898
2254
6785
7542
4705
201
1768
6742
3606
6426
6279
3695
8343
5649
8001
2781
7206
3369
7776
1911
9466
3850
6595
2580
2256
888
6792
8070
3678
8015
5896
1909
3917
1026
9867
1389
2265
9898
1348
7581
3564
1631
7302
790
917
7791
4291
1389
8675
8348
3050
8318
5505
3795
7992
4493
9960
448
7969
3865
8040
1307
4390
4378
9364
840
5651
9779
2812
9126
8214
5181
9058
8167
1977
3058
3735
5634
5359
9462
3469
3801
1817
945
6498
2822
9307
1549
1236
6238
5940
3544
934
5980
4442
5850
2918
6464
8784
7012
3067
5238
5273
5240
346
4700
557
7823
445
6935
2594
217
7634
9794
9644
242
621
312
6587
4595
6774
9129
1859
2231
6911
8454
8124
6200
8655
1019
7170
411
8335
9647
8702
5430
7945
4527
608
9931
586
7777
7674
4428
4248
5130
4775
7179
9668
6260
396
6296
9466
4200
5354
8042
688
1323
3150
8658
2148
6884
1189
5985
7586
5074
1383
2378
8805
6414
9312
8828
6732
6353
3392
8518
7045
8134
9516
5146
2681
5558
7378
535
4584
7361
754
5589
5689
5173
8967
3099
727
583
9429
4769
3443
498
2723
5680
9411
6540
8449
4678
152
288
4048
9926
6861
2330
9607
5600
104
5521
7364
924
9461
5885
2678
221
904
1864
3281
8701
8288
7905
1919
3710
5674
277
1812
9195
9964
9563
93
4712
3405
7574
5536
3115
6287
4135
7572
3343
4833
8226
9318
445
2369
3054
9389
6227
1310
2531
6065
5498
1299
4482
5261
1626
8339
4749
4087
9953
7496
7283
7951
7368
8569
6712
7051
1677
4598
8411
5023
1267
546
3212
8340
3303
4967
4999
6580
1201
8454
2239
5175
2145
7149
6310
550
66
7431
6865
6321
2671
1163
7153
2234
6891
5084
6868
4254
451
8693
5376
4270
3734
1196
1489
1939
4448
9700
3437
4679
