23
-31
-870
590
938
-914
869
672
184
377
545
758
914
310
-711
78
-480
400
32
780
-955
-481
-744
-381
-400
488
-315
825
809
403
750
740
273
-988
113
-51
-746
-719
853
930
290
395
991
552
-235
986
705
903
-383
698
865
-525
140
722
-789
-401
-282
-330
529
182
-684
-968
-316
-853
-459
938
320
-914
313
-593
-37
-685
217
203
-865
-448
359
-857
528
-527
-244
-507
331
464
546
657
-116
398
550
478
-621
-331
370
-630
-343
-963
-557
-889
490
492
124
-879
-826
-558
659
702
-241
61
-132
495
-229
-631
273
547
253
-800
-593
-718
-673
296
311
-175
-322
-144
378
404
120
-527
-85
-916
-492
-454
-23
-287
-205
937
732
-403
682
-519
725
-977
-654
611
-341
-552
673
363
-489
-552
618
-607
525
444
50
859
932
216
613
716
-784
-601
-473
-991
980
-379
715
44
-844
489
227
900
-350
-713
-633
-587
727
-653
882
876
782
123
-769
770
792
-274
720
69
948
-699
-952
542
587
379
264
808
-349
-332
-127
-595
-518
-851
-360
379
739
942
853
-734
-830
-785
294
-511
910
-688
871
852
984
-695
-312
-791
82
524
-81
-497
226
-933
768
-785
750
-464
-581
-550
-142
490
-430
-239
-931
-180
152
-978
-22
103
-868
488
-707
-838
-640
462
165
184
915
-888
678
885
-667
295
-375
-933
795
-152
-427
-903
-443
-113
877
142
-375
-834
-159
-522
753
-885
-786
222
-356
461
551
-984
-154
-248
548
-294
957
781
-392
-711
366
870
-5
-12
949
947
105
-190
-470
-362
-987
472
-383
424
267
322
823
-479
935
400
566
348
210
-304
-224
494
834
-109
60
-927
922
766
-963
-595
675
623
544
-83
-494
-860
-212
-417
-789
91
886
18
-13
-448
-936
-527
739
534
295
-435
-160
251
-36
-285
-31
995
505
-340
892
614
-706
-909
806
-56
-195
-897
908
-509
422
-434
334
-258
-26
-748
-810
448
-242
-826
-601
945
807
-303
-587
241
-421
656
-238
783
916
948
-63
855
872
791
-45
-917
698
401
715
934
-485
-577
128
858
58
-429
120
462
-567
478
685
359
789
-216
942
-312
-864
959
483
-735
-488
-543
-111
131
-2
-769
-749
639
-656
-954
-435
464
174
627
-476
-752
-384
827
-125
-923
756
602
-430
-655
-596
261
-742
937
112
480
553
-382
-346
809
707
-731
-712
330
-431
-735
647
-406
107
-112
-705
-796
-52
-962
132
-737
647
835
-586
630
-350
993
739
-8
682
807
-66
-396
-965
-249
468
788
415
-564
944
-234
457
932
611
335
-385
396
-993
365
-937
246
-741
-343
311
707
-337
-275
161
-628
-194
363
-484
535
725
242
817
-554
881
-153
617
-76
-818
589
925
708
177
-50
722
-694
-446
443
498
-695
62
577
139
-460
-329
342
-895
-65
-128
-363
-839
357
438
-42
575
-110
-615
-478
159
984
-217
-582
-841
351
191
-768
-817
747
-408
-575
-431
-439
290
-586
476
542
-727
-962
-498
410
-534
846
816
481
129
-22
-338
136
-213
-258
-177
-376
293
913
-688
-200
132
671
180
-248
-457
141
875
-845
-51
-476
312
857
807
-218
-214
-177
509
254
-832
160
-203
-581
-874
-770
36
375
258
491
414
126
648
272
-524
-833
-775
909
-858
-782
-468
919
279
-382
754
-455
-725
958
112
-224
-321
136
-413
-985
503
275
-473
708
147
824
-136
-345
832
-315
-943
-129
738
-55
-301
-231
-700
685
-277
566
-456
-879
619
207
4
399
-630
-64
-680
-562
-279
-908
116
997
-775
890
-297
-614
665
-437
999
36
340
-922
-945
-831
-783
-648
-638
-749
-992
663
-173
440
-768
827
-134
-193
465
-439
485
-83
937
294
-9
-753
405
752
-207
-666
484
-446
289
-858
977
-215
383
191
125
825
516
-630
-309
-799
-697
-324
389
938
43
-371
-858
-348
-642
525
-983
374
966
689
-120
-847
679
-39
628
683
-211
342
-96
-112
165
584
327
767
-57
-485
994
-603
-936
377
-47
-98
-744
183
43
-236
803
58
803
890
850
963
581
264
398
-765
313
-698
847
835
501
-632
-807
947
928
617
775
447
813
85
939
190
674
-58
-149
398
-10
-732
-382
809
-936
-489
-216
-43
-435
-115
-926
164
778
-731
850
-81
-33
973
693
-139
662
74
340
-710
-640
431
293
-22
610
872
-510
-196
154
-592
542
191
-753
-277
151
433
-40
-206
-272
87
134
-328
-855
506
-335
542
-198
-998
366
-273
-785
254
-628
-154
-805
-896
538
13
435
605
133
-372
-272
68
-2
832
-68
856
189
-293
552
-846
-878
974
-255
803
283
-519
-817
750
949
975
-926
-933
99
-229
737
-728
-788
922
573
-860
-710
-214
196
566
-580
-193
-348
-933
400
377
747
98
-412
301
514
61
535
842
449
-20
763
649
738
450
950
-581
269
-192
679
-470
-272
-796
-236
986
103
627
778
541
-776
-132
447
553
721
-60
89
-124
286
-278
-485
957
35
-756
517
785
-53
-696
-243
572
813
0
275
198
394
183
-176
-159
536
-588
-899
430
-641
-856
437
511
-284
621
532
-227
-841
-260
374
-291
204
468
-546
-504
923
354
-863
18
202
-783
884
-911
-341
-302
-440
-905
71
275
-246
-681
-385
-642
575
-904
-583
809
-24
-481
452
279
-279
-308
-849
-165
-410
169
691
-571
-769
44
808
790
-77
-16
947
-936
-371
437
-359
807
175
846
-727
319
-574
746
-212
-434
177
-549
-414
-157
857
423
-234
-630
856
-982
-297
-494
-845
-215
454
-385
201
979
885
-77
981
-137
-754
766
-662
405
-856
-788
850
-515
100
107
224
-965
239
155
909
-861
-136
-546
-360
629
-715
656
-701
-298
376
-708
-317
705
707
-717
320
-880
143
536
-915
-474
-79
-47
-720
911
-862
-35
-338
195
994
880
-945
-452
214
265
618
724
-786
277
-944
627
-70
665
-508
-272
990
-634
466
375
-315
312
863
872
-471
4
-174
993
-675
-184
569
962
429
-463
392
961
-721
424
548
-416
643
-164
655
471
-75
-810
357
957
-846
91
594
515
-605
-874
958
-353
911
-189
-544
-152
-428
409
-625
-677
-410
-29
992
615
521
270
-778
-617
496
-685
787
-728
-589
401
-285
-386
-127
106
565
207
-440
-29
-582
-337
90
-148
-944
-783
-451
-778
-360
-530
-94
-546
514
33
573
-859
884
365
-532
-397
839
-12
570
603
-748
-350
-78
444
961
-111
-347
947
362
-673
-883
-170
-661
331
-638
206
776
416
-232
412
52
241
-345
-146
-950
631
579
-928
184
81
-895
-747
634
-242
280
221
472
-856
-286
792
-804
-856
-645
-518
236
47
283
-809
756
248
-30
214
987
900
-289
-131
-447
415
-67
-878
804
844
-565
363
47
-394
-940
-79
143
54
-413
-977
-964
-383
-816
379
547
407
-159
933
119
926
277
750
-773
389
-193
-953
574
969
-827
734
-1000
842
400
871
-352
905
-433
402
-967
-819
-527
739
-559
-565
-21
-209
-640
-514
-189
847
977
174
874
761
163
-40
-991
-120
849
200
429
592
-291
-348
-267
-195
-293
823
13
-277
-551
-980
788
281
-195
293
-572
1
360
21
194
-333
-617
-967
-792
655
-739
555
438
-976
-236
568
997
718
-715
435
-303
261
245
-58
-771
-300
-259
-483
-949
35
-945
439
-788
109
-465
-963
-365
658
39
-574
18
-331
813
-868
-191
-832
-439
-733
997
177
619
-251
-871
104
-876
-970
-620
409
-120
487
-714
351
-311
-733
942
110
-405
999
-55
89
-247
175
-644
-420
-768
194
539
84
460
-25
-542
-991
-770
724
788
-306
-533
-672
370
436
348
-303
52
804
705
593
141
153
-824
-358
-502
-547
859
683
454
586
792
381
569
-599
-632
412
-412
908
43
-63
643
-659
881
363
897
598
-476
-916
-944
-321
-161
-943
791
485
-894
-468
-348
-506
-635
46
286
-674
-189
523
-447
619
972
-247
187
-801
-482
108
341
-938
557
-393
-139
-114
158
667
-536
59
325
168
-428
-773
835
516
320
-12
264
655
-870
245
468
-994
-184
-50
892
-289
701
750
525
-769
-40
553
360
595
204
-833
-713
-324
-939
444
-736
264
-932
40
-118
599
162
620
710
-666
735
1000
-337
20
133
356
-915
-269
-115
942
455
658
675
544
846
-849
191
998
883
-506
-334
755
1000
-376
654
419
993
-506
755
954
-613
172
705
446
238
-777
263
626
492
-898
169
287
-747
-918
114
-983
981
-656
419
-203
431
330
540
-213
-732
-574
742
-194
-193
-684
-468
286
451
236
-844
450
-767
794
-498
176
739
224
644
-844
558
-382
163
798
133
-606
-385
-516
407
-779
482
973
-625
-468
913
-470
787
-881
270
458
-376
-562
753
114
-649
385
505
870
-859
961
-465
-293
-157
-453
-360
-545
-788
465
368
734
3
336
191
-598
-459
180
-770
-834
-190
982
-746
351
24
507
535
330
511
-954
414
-302
681
-278
-42
-634
-203
-60
-733
237
495
406
-516
716
-611
-411
73
-10
-712
-245
-66
-467
-110
551
987
-98
60
136
231
894
-196
525
175
-587
137
-229
-650
867
122
-959
-718
-593
-128
378
-983
289
391
533
-430
-255
-923
-917
360
-863
761
180
489
-314
-624
682
-915
192
448
280
-290
490
234
-741
314
-735
846
-149
205
-452
154
-127
-200
794
927
912
4
-383
-970
199
242
-548
-394
-813
-765
-201
657
-777
-965
593
-221
-892
-777
602
-668
-831
349
53
-644
487
-329
898
-43
863
-724
-85
-281
-117
-968
-92
435
-430
-710
-965
-680
-645
-883
-659
630
499
515
-494
-439
663
350
365
65
-260
620
991
-236
467
-961
-487
-135
-767
259
-980
96
262
-597
-76
-803
-275
708
-191
939
-28
110
675
-90
-127
-135
696
388
800
638
-731
910
-576
305
342
619
373
995
-111
291
-588
225
-403
101
505
-703
502
275
-989
438
119
-804
-93
293
165
-786
-724
728
616
-952
292
-727
-356
761
774
469
-102
-281
50
928
329
964
-660
-675
609
946
494
465
976
-596
97
483
-789
548
-298
398
832
-364
357
-966
-728
-751
520
-680
65
503
-214
43
399
-975
-275
-320
-559
-232
595
-362
-992
190
369
-219
522
-913
-104
28
119
-770
-382
-570
951
-571
-572
691
-240
-18
-288
-529
654
61
-716
997
851
802
575
667
-984
-67
380
-491
-595
-30
646
-966
-836
18
-835
-40
788
408
-823
-41
-914
-459
371
-560
-77
884
662
956
822
146
-733
-371
716
-638
-156
547
461
409
-482
687
-299
780
-699
76
42
-118
313
636
846
-881
752
-164
686
-973
-568
552
330
-784
180
-778
217
-552
-92
-612
-259
-651
-545
-716
429
409
834
382
307
-990
647
626
124
-942
-645
413
235
927
-499
-955
217
-202
-442
685
768
332
-342
995
-853
191
-860
-264
79
145
191
-57
-11
-817
898
167
814
369
-870
821
-483
242
11
145
531
-804
747
440
972
-778
-641
872
-628
-467
-865
-925
-506
619
574
-510
-83
-599
244
-117
206
576
-616
347
636
472
959
729
981
714
123
527
57
-485
-907
-893
774
337
-430
-254
708
67
280
-757
953
-998
-964
-991
-341
1000
200
-549
-332
265
305
421
66
-54
-70
-932
-815
-616
93
119
-723
-283
-437
651
726
-375
-721
434
810
814
-729
-882
609
-721
422
771
644
-326
-910
585
772
-677
-882
601
397
-874
960
-586
619
-476
730
501
404
254
858
-449
595
-366
-704
-857
221
476
-205
-605
-14
387
818
-498
-685
-212
473
-328
219
654
407
-174
-142
808
-947
830
-986
928
279
-148
759
-877
565
-448
268
-631
-331
836
-755
925
36
769
-359
745
504
-128
508
614
-220
386
-1
747
-58
-858
771
37
511
250
-443
757
885
117
469
687
738
-776
550
817
670
138
-735
197
185
-461
-698
104
454
-389
-725
49
-81
214
392
691
177
429
942
977
-41
-146
-163
-991
172
973
574
-82
495
722
-472
835
550
-413
-575
-313
-163
785
-191
-770
-385
943
22
509
587
-86
-562
609
104
-542
318
297
-112
39
272
-122
718
262
-4
-9
-364
735
-422
-618
840
688
-923
-511
621
888
92
-957
-574
-969
156
607
417
-995
-431
-864
383
722
-392
-655
-320
-823
908
-305
-686
-337
-791
-493
972
277
883
13
-138
168
-623
-509
356
863
-663
-253
-368
829
-56
772
-169
680
250
-417
-839
-327
411
-115
-908
821
-678
467
-215
-259
285
-583
-351
548
413
-611
-382
-158
978
183
7
116
101
-678
-344
31
-680
-678
935
-716
-794
347
516
720
-725
229
485
200
-851
-491
-553
-235
-398
670
141
-636
-995
806
873
-92
-86
-934
-239
16
-942
930
-924
-696
-796
368
907
-948
-601
935
631
-31
144
690
429
894
-354
-540
21
460
931
685
-55
150
170
-598
4
986
991
-611
-555
-519
-923
674
327
-984
-99
-566
273
511
-740
-663
709
119
329
13
-392
-707
-782
764
442
841
336
-164
152
997
-965
-772
768
677
835
-715
-656
-63
352
298
-494
762
501
190
674
-442
471
545
-279
-809
-484
276
450
942
-542
613
638
667
-543
-912
-957
723
-894
114
-384
-558
422
217
-747
-745
16
-769
460
-722
244
459
-920
709
-35
782
56
-396
177
650
-188
-279
727
-661
-192
57
-746
899
932
584
82
-359
-113
-392
2
363
831
195
918
-454
623
671
-19
765
25
-140
699
-167
606
-476
436
-662
-534
648
870
-750
244
594
172
-790
-8
-885
399
789
-619
-476
-614
-336
-640
-77
-320
-684
969
317
-684
793
550
-56
271
-542
226
-949
-450
-70
261
586
637
356
649
926
537
177
375
-87
-576
-615
327
-773
-855
-1000
-673
-498
480
596
-873
-761
-676
-385
436
423
-831
441
-820
494
-186
-245
-121
529
426
-357
548
-251
505
-753
237
-303
-216
69
-792
-985
86
199
760
694
-609
26
386
700
-482
-138
-432
974
-264
-154
478
337
967
-605
557
-877
-677
-848
-42
-779
-567
717
575
-703
54
314
989
772
-840
670
371
170
905
-29
-692
-89
-754
413
-703
374
-85
-972
-100
-643
990
-104
-34
-356
124
709
201
306
63
19
392
-449
412
786
-522
-247
-241
-534
-932
-361
388
-722
-650
-214
-732
960
-643
-862
753
-62
922
-782
-580
91
916
-60
-468
696
-868
329
520
922
-974
611
-604
203
-910
-104
927
625
-256
-317
1
-227
426
-188
346
770
-522
-704
866
989
326
585
-859
-352
979
652
-250
-589
-648
421
358
-795
151
-471
905
-656
-736
160
-109
-589
904
825
-155
60
724
378
979
-894
-453
500
-295
577
-94
859
626
-804
844
377
-689
-990
-698
394
-327
989
881
546
-718
398
-394
397
19
669
-291
-150
287
536
434
505
-846
637
-944
-777
-676
79
-949
2
109
-427
643
614
897
-974
375
99
-82
30
-164
96
288
-756
-139
89
-241
-284
-872
-762
-483
-697
-927
224
-867
785
451
-264
90
-900
571
-388
296
485
447
-340
-886
387
176
-664
950
877
352
46
-245
-764
563
694
-678
-87
-28
-372
-883
701
515
-133
-183
-20
-90
755
475
248
-233
-927
635
811
-228
-224
-250
494
-233
548
762
-591
735
-917
-908
649
62
-607
-555
-473
726
74
-636
886
-954
-885
-161
617
-887
-985
3
441
307
-554
876
973
-487
-313
553
-941
-668
-533
529
610
-359
358
-28
519
-356
688
-258
152
84
-656
-632
757
-556
319
-636
-523
440
169
744
-323
-222
-783
225
259
993
345
-993
-403
-583
897
-456
-422
-327
-630
-54
-259
-830
743
-836
664
205
-608
932
653
-488
108
461
-651
363
15
-584
401
-582
696
-473
222
22
209
-472
460
-858
-949
267
121
846
668
-192
887
931
463
-929
672
27
67
-352
-463
28
238
-408
202
-848
-720
284
-585
856
433
-880
921
940
-491
-188
-823
725
-206
-98
964
206
269
24
-5
170
765
118
659
-141
237
-908
525
-962
-408
687
924
112
844
273
309
464
64
-203
221
688
30
775
-701
402
74
288
-860
442
-271
75
791
279
-895
699
329
-758
-343
-17
636
718
913
-393
147
212
-372
-947
121
-450
-510
320
-252
-189
202
592
191
-570
289
-38
945
-994
-309
-207
187
522
-198
-254
-900
-460
407
-360
-252
809
801
738
-4
-905
-183
-783
254
-944
-138
-592
353
130
122
31
654
-678
859
-571
-939
-172
-661
733
71
638
39
449
-3
959
348
257
91
136
285
-694
497
-524
289
-453
-713
119
-124
427
7
-837
618
928
967
325
-823
905
46
77
-963
972
759
2
733
-427
-851
144
-342
745
423
921
120
-29
622
-517
-994
-118
492
-98
9
181
518
-415
-341
-628
-244
688
388
-5
-760
162
-457
862
-476
832
407
-672
-385
-281
-98
844
750
-741
-874
136
-838
-230
820
975
-421
-33
-157
297
-344
-96
-754
-120
-538
901
-103
654
108
-609
-709
207
487
-934
225
-954
-262
572
930
-339
394
-434
-808
335
409
152
-36
-281
-418
513
779
601
-380
-870
-301
-501
519
376
-869
-512
494
474
673
-625
93
-627
-403
-619
-292
100
-934
679
362
-833
750
-240
-311
-928
-470
-382
348
590
-227
769
806
839
346
-555
749
-13
-286
779
-129
-884
63
-395
-986
735
223
668
837
627
86
800
494
363
44
-850
-939
45
609
-312
-238
263
-482
-165
-674
-833
-80
-677
284
-953
601
938
-780
432
651
-140
786
-403
-559
-582
-996
479
-873
-522
570
851
85
-853
975
-4
236
152
834
-37
121
-151
710
-277
434
33
-482
-329
-561
-531
-812
851
-168
-83
-488
-162
-297
759
399
-382
-523
486
-354
697
-12
476
-643
145
-51
450
-909
-353
-790
-577
346
-51
806
-821
938
803
-628
400
927
-620
-314
-343
-986
-797
887
-47
589
22
-190
800
-366
-495
-777
-601
-523
-405
484
950
-504
939
393
-130
-312
-74
-642
-680
865
-807
792
-165
8
312
-621
457
100
-684
567
563
-880
-658
446
298
-104
305
711
-29
-311
138
265
281
-708
-875
596
-119
-53
-258
-851
97
562
-644
-415
159
-7
429
-335
692
-314
-980
-362
370
-301
-523
-265
-933
-575
458
-903
66
-9
-915
50
192
731
-148
336
-270
864
-918
754
-128
-143
-548
-854
915
-666
678
-664
315
233
-737
84
-467
-672
-582
480
30
-79
-400
584
-412
587
18
44
730
682
747
-972
-707
-966
-96
-155
-623
304
783
-983
-808
-487
-951
196
-946
-766
201
721
321
-603
-332
-527
-968
921
567
-232
112
262
-909
754
-94
-242
461
46
-951
52
-453
524
-896
-533
-599
-393
-975
252
-165
-559
700
30
497
373
-602
-262
589
-668
490
651
712
826
331
-135
296
396
872
333
-95
-66
973
411
706
-571
-289
308
71
389
-516
335
-352
-840
525
908
8
-850
-216
-951
696
695
-549
-399
89
951
-445
-268
686
154
701
-588
-307
381
-811
726
-604
-985
853
458
836
405
-629
-386
-45
-976
-141
217
842
247
678
-204
-679
536
-58
628
389
789
984
-774
255
348
-174
-730
425
619
814
-341
-914
981
735
661
-236
579
-124
967
132
-360
170
-297
-339
-143
-381
-630
-766
-915
114
-808
526
-383
-199
-791
-740
483
26
492
451
-164
432
-384
-582
901
-457
-155
-309
-125
-134
502
922
989
664
-441
-356
-787
19
-677
-771
856
-990
-165
572
-217
-125
-90
683
-947
-40
259
256
437
293
-105
428
-20
-337
-389
-473
932
733
-528
-996
903
752
-426
651
-887
-634
-375
603
626
309
-856
-841
-480
-1
447
144
-13
-562
278
133
-647
-460
-433
-250
813
-683
-951
328
635
-584
238
704
-653
63
37
-190
-666
-893
-360
980
-282
687
839
502
-478
930
446
-840
149
-307
168
-121
20
229
-564
-965
-403
-204
-434
-570
922
-786
-658
-113
-467
91
409
944
-539
-379
453
443
-791
-484
-672
674
987
-838
-708
-23
246
846
-633
617
-387
749
-11
353
47
2
-439
-84
775
-360
-720
-918
949
997
949
743
204
-126
315
-488
-156
-753
655
515
-920
930
-442
198
-332
931
-75
860
121
-923
836
211
-331
-212
562
558
382
916
-677
598
-126
94
-813
-171
-879
-42
803
-57
468
-777
275
916
-252
747
691
-883
-534
448
826
-551
-869
-27
-788
-362
159
602
637
122
291
-391
725
9
647
-390
-21
-329
214
425
288
-41
-374
-416
392
167
845
857
-228
-242
-260
731
710
-176
818
-949
556
496
551
-25
-522
240
409
-381
546
-366
201
-885
-143
903
-547
986
-164
-66
414
92
588
-669
763
-412
-677
-115
-970
-621
166
-897
661
382
342
-416
-125
838
88
894
857
549
-903
963
-743
-309
-325
840
-302
-39
877
848
-457
227
-298
103
-654
-251
-149
-152
-116
-868
-18
18
-258
-579
-881
-635
-156
-470
657
-274
-207
-720
-623
772
-641
-755
-770
-558
33
-393
-143
405
180
-330
-67
-628
-868
-435
-62
-485
-461
843
-10
358
-826
339
-168
70
-630
-436
-91
-385
769
-394
4
-5
424
-75
252
-608
333
844
-508
171
-264
574
71
-147
-33
-740
-406
-753
-677
-377
845
823
535
490
-770
576
67
-953
829
-36
730
225
-228
-945
828
701
-810
976
947
-426
455
-149
800
201
967
570
74
-277
-26
714
-765
762
-958
116
-956
789
989
319
559
-267
468
685
-641
926
-208
-894
961
-375
-688
-816
-212
-781
