4991
-3952
-4899
-4721
6689
-4828
7317
744
-5481
7274
3621
-3692
-8594
1292
-8387
2434
-5434
-2054
8754
8079
-9617
-299
4975
2283
-7187
7852
7073
-9552
3388
-3717
9808
63
-4883
-5974
568
911
1255
8795
-9516
-7172
-2647
9956
6636
3274
8428
-9100
-5256
6897
-6233
-874
-8437
-3843
2414
758
-3408
-8960
69
3864
6155
5339
5497
5215
-3343
-4512
6136
6662
6972
-7672
4536
7688
4624
-3609
-7281
-1048
7748
841
-1986
3382
-1069
-8582
-9369
-5765
-1939
-99
-612
-5391
-2956
-2835
-5531
8726
2117
-6018
10000
879
7721
-1065
8292
-3390
391
4438
7415
2370
9412
6176
1799
-7296
-9303
9598
-90
1163
-2266
7785
-2461
1528
-1077
5181
8119
-1953
2419
1523
-8898
-1686
-1103
3777
6525
-9345
8837
-9039
4693
-7372
-2225
-8045
7460
-4703
-739
1758
-2631
-927
-544
-961
-613
6610
-3310
4564
-6129
6488
-3727
-4092
-3010
4968
-5488
2551
-9468
9383
378
1728
7274
9496
1446
-1917
4216
7088
4721
-6358
-9773
7006
-3326
-6796
-3977
-1300
2648
9926
6536
-2572
7352
9330
-6357
-4727
-7825
-31
-8997
54
6021
-1574
-5526
564
44
4734
-3704
-2164
1545
6465
2221
7655
7978
-9254
9645
-6589
-1529
1148
1029
4807
1806
2506
9805
-5135
3395
4365
-8946
9660
-883
-8562
3246
-6870
-848
-6827
-3510
4194
8952
8377
-3068
-3234
-2034
523
-8580
581
15
3410
7643
-6314
-8946
-2349
8565
-5768
2243
-2347
13
12
-7528
-964
-5486
7433
6512
-4816
661
389
1183
2434
1009
-9896
-6146
-7603
294
-2707
1766
-9465
-8063
522
4803
5113
9378
7309
4457
3353
8402
-8111
-4298
9387
-1291
3904
-7889
3109
4721
686
-7970
-5653
-7730
7489
1572
6412
-2422
6562
-1635
9734
-8773
705
-1077
2420
-462
-1208
-9519
4908
-5938
8242
-4190
1067
712
113
-6711
-6874
7662
-3050
-4043
3154
8099
7669
-2227
8807
6760
-3552
2526
5515
7369
-6015
5917
9790
-2503
-949
-9163
2776
-8275
8531
-4265
-3647
9648
4948
3440
3033
5493
-4974
9114
-5134
8796
-3195
5326
8044
4367
1056
-5156
9545
266
-9774
8144
-7414
-4519
-3047
-5733
-9388
8729
-4015
-4310
-9982
-7727
-2410
9567
-3121
-4197
-2336
-3648
-6376
1615
-3454
-6595
-8043
-6970
5188
393
1881
-7421
8473
1093
1049
6372
3326
4807
2746
-7966
-584
-5278
2868
-2370
3758
5561
3234
-3454
-7405
1871
-6374
-8242
1713
9379
-3918
-9975
871
5616
5025
-6954
-1181
-5368
-7051
2344
3285
7309
8463
-213
1852
9778
4469
5027
5465
-773
1081
-5622
9079
9780
685
848
-3510
-2559
1024
4401
4556
8810
8485
-6769
8498
7194
5425
-3853
-4901
6871
5470
574
-1983
-8568
8165
-8861
3808
838
-3742
-6250
-2096
-3654
1991
7297
-2285
-5028
-2414
-3170
6222
-2632
-1414
115
7306
-2465
-9244
-9849
1852
2802
5480
4447
4895
-1364
-668
2996
5404
-4585
6384
3199
662
-4156
7602
-8894
-9851
8414
-7586
407
3494
3692
-173
-4669
4309
-2876
-3317
7102
-7002
-3913
-710
2339
-109
3467
1621
-4684
-2953
-2105
5311
-6191
-1088
-8092
8644
3403
9066
-5755
8086
-3011
-5821
-9230
-4765
-5452
8808
864
-691
3026
2084
8414
-5
4378
7483
984
-625
-7480
5287
-1101
622
681
1367
-407
1235
8022
-4876
-9388
7368
-3288
2022
-7487
5562
437
-5241
-3811
-9837
-7314
-8760
-9498
-7987
8515
6011
1574
-2534
1797
9823
-8230
9052
6860
5214
-3174
2928
5346
5476
4509
9671
1318
2753
4802
-7057
-153
8309
-1021
3592
2341
-6432
-408
9126
5456
8149
1823
-8859
3719
-4233
-5713
-2875
407
1353
6425
8135
-4411
-7615
-2753
-4310
-3948
-8290
3627
7057
4203
884
9246
-1347
-6786
987
-8429
4624
-4056
7132
-2032
-573
-8600
4911
886
-5888
4957
6836
-6762
3405
2049
8026
4670
-8055
3938
-6884
-250
9655
-3539
678
-7964
-8488
6805
138
-2455
4340
1076
7161
8005
1023
-3066
9496
6389
-120
5906
9487
3154
8187
-2432
5570
-9336
4253
-3254
9692
2507
8277
9855
4514
-5361
-3088
-4815
-5767
-6738
-6531
4498
2442
-4490
1763
5739
-473
2421
-3847
-3949
-7461
7691
-2591
-5043
-6919
6363
6588
1931
7630
-7808
-89
6980
2903
-2922
-1504
1298
4230
3714
-3315
923
-3413
-5674
3786
6004
9160
-9958
9867
3678
-630
-2114
-90
10000
-887
9948
3169
5196
6
-2017
-986
2458
7203
5169
-4438
-7392
-678
-6004
3294
-8899
2082
3861
-9492
1578
2671
-6600
-9286
8
486
-3702
3365
4515
-1591
-1649
8091
-4585
-8272
9144
-3455
-3070
9499
-5045
5178
-8190
2812
-1856
8361
6136
-6420
-3080
-2889
-4850
3767
8590
813
-786
-4215
3823
3948
3773
1794
-4381
-1197
-7706
-907
-106
-9544
-8717
379
-4000
-626
5220
9794
-3893
389
5960
-9642
-7011
3072
4589
1734
-1061
7201
-1490
9132
-1542
5436
-1219
6893
-950
-8383
2606
7646
5534
6600
6902
-4924
-4403
9858
1084
5386
-6728
-5611
7276
3431
8513
9889
-8637
-7122
-622
-5409
5068
3096
418
1246
-4207
7159
-6101
3298
5346
7295
-4759
4739
-893
-9566
6370
-6492
2050
9512
6545
-9111
6068
-4606
-6680
7021
5991
2647
-2168
-1880
-285
2748
-4376
8876
-484
-4045
-602
-2303
-4254
-6257
6355
1217
8442
8199
-5632
-9720
-3335
1467
4339
5959
-2037
9586
-9808
2424
3776
-5907
-9359
-546
-5
-6411
-6075
9788
-9518
-1507
-9143
-7351
9512
7137
6269
3489
5545
2954
6313
3853
4991
1765
8240
40
-2720
-2021
-7761
-9231
-800
-9011
-6
-6746
7723
-8790
8869
9342
7147
-3791
-4156
469
-4980
5811
9275
8517
9847
-9459
-1608
-4744
6242
-3177
6316
4010
9829
-6230
8550
8544
-6673
-7753
-6935
4961
-4657
-9006
8179
6759
4989
-2368
-8646
5788
-1459
-6259
-1050
103
-8054
2747
-6258
-6852
-3538
-7237
-9580
7642
-4022
-1172
-979
2230
-6152
-700
1755
8457
2511
-1200
-7271
-6607
4818
-1070
3515
-6463
-6320
9768
-5857
6479
-7675
-457
6562
1593
-6139
-5060
-1823
-1965
4144
3433
3548
-4029
2727
7917
9767
5593
-1157
-9708
-600
-1100
-8798
2882
4669
6266
-2802
5759
-7592
7434
-2376
3198
-6941
-320
4239
-716
4929
4917
-9321
9842
6047
667
2889
7487
-4366
3190
6623
6251
3442
-8278
7099
-8601
4834
7829
-3858
1098
7099
2369
-8614
7662
-6425
3016
4557
2375
-3631
-4297
-4220
-9793
5436
-1083
-918
-2332
-1836
7580
283
7559
-3495
5354
-8098
-2713
8991
264
6225
4527
-5838
1028
4350
6467
6814
4185
-5153
-248
964
-1447
8949
-8732
-9980
7958
6049
-569
-9804
7942
6430
-5118
5571
-1613
-4844
-9326
-7725
277
-9753
7216
2076
7713
6512
-8328
168
1382
7361
971
6860
-370
7059
7376
8234
-4064
-7855
5646
7780
-1623
-1179
639
1399
6436
8167
-872
-7160
-1274
2853
-1588
7565
-9326
4320
1180
5509
5279
-9398
-2692
-4792
3570
-5991
5359
3712
-9987
9099
8501
3447
4341
1609
2679
3535
-2253
5032
-5732
-2037
7534
1797
-4151
-491
1971
-9441
-4349
2479
-138
6912
-1066
-5898
-3967
7382
7573
938
-5506
2735
494
3700
6581
-1943
-1145
-9465
6259
-4655
6479
-9094
7635
9333
957
6811
1351
-5047
7001
-6056
-4045
-6763
-4669
-6154
-1234
-988
1075
-3894
9739
-50
-9214
9724
8057
2615
8270
-2259
-5290
-9638
9044
6470
-2703
9458
1820
617
-5101
1391
-3968
-1164
1139
5595
-3752
2648
294
9150
-5191
4006
2524
-5544
-1133
4501
-2068
-5553
-6385
2962
1534
5891
-6316
-6027
-6504
1374
1017
-565
-1471
720
2799
-5208
-6233
3140
-2755
3752
4113
9159
-2453
-6402
7323
-8036
-1431
-1489
6404
-7155
4893
8596
-3659
-8762
-2389
-3344
-3395
4308
-484
-5936
2479
2319
1619
-7292
227
2369
-5607
-4898
-4013
2602
-7565
-2368
4509
1985
-1
3702
-8200
6445
6875
-8531
8761
-4558
-254
-6390
-6048
3643
-5184
5768
-865
3783
-9858
-750
8379
-3360
4306
-7642
7878
-1899
1044
6487
5497
-4295
1402
7345
7798
-5287
-9527
7250
1783
-4848
-467
5290
6504
7997
8917
1160
9093
-6192
-6389
-5142
3234
-9938
2728
3244
6985
-9548
-2301
-4148
7546
7229
7218
8238
5677
6482
2122
-9520
-926
2846
-8030
2077
4116
-6932
5190
-8669
-9833
2583
658
5255
-5760
5961
-7030
6181
-5146
-535
8081
-4130
-1882
4205
5006
-4436
869
2389
595
7708
9767
271
596
-1252
-292
-3478
-6480
6534
-2597
9615
553
2712
9796
-6060
819
2292
1087
-5988
-4246
-7577
-7984
5945
-149
3670
7929
-8000
-9308
1547
1876
8673
-9025
-6880
-7594
-2904
2287
-6404
-1347
-252
-47
-6915
2832
3791
-9884
-1110
-5879
-7721
-5147
-9980
-6010
5797
1739
-6992
-9313
6954
425
-591
2390
-303
-9532
7343
3123
3372
-3037
-2125
-2952
2893
-5469
5460
-5324
4163
1849
-8273
-3203
-5801
2477
9208
4113
9385
-5770
-6605
7771
2814
-8473
-7679
2029
-1298
-99
4939
9826
-5894
-7902
5226
-1692
1588
-3884
-1659
-5238
-3132
5997
5471
8284
7109
1767
-9220
-4399
8356
45
1541
-695
-5815
-6382
-4326
4415
-1375
5035
3965
3567
-1350
-3619
-1647
-3134
-5729
-9099
2986
-1624
8832
-1918
127
9553
2933
4586
7707
4531
-8960
-636
-1134
6087
-6969
-3130
3076
5362
-1052
-5319
3547
-3122
4518
7649
1907
-1207
9928
-4021
-6680
5910
-4769
-9712
5960
-9792
-9765
5762
6231
5937
-2292
6173
1768
-6719
-7046
-9036
159
25
7102
9010
2013
-4421
-4668
-1756
906
6950
-7136
-7804
-1815
4581
518
7105
-2704
2011
-6724
6360
-1837
3858
2071
275
-2808
-2687
-5712
4068
-149
-7904
4993
-5214
6101
9869
-9487
-6625
-7544
-1866
-3838
3394
1318
-3822
6157
8960
9550
-7062
-3798
-3575
-6354
-5009
3159
-5647
-1131
-8998
5374
3808
-1406
-3263
5264
-4051
-4464
5231
4040
-1383
3039
-6269
4301
-7145
-9904
893
6627
-5853
-3652
-5108
-9547
-2525
4806
-2729
-3552
-7374
2113
-334
372
2898
-7664
2810
2363
-176
5730
-3159
5210
2993
1988
5690
9941
-7305
3155
4712
1938
6744
1525
2522
-2353
-6499
-4525
3628
8090
8412
-983
913
-1233
4376
7633
4383
-6377
9116
6434
-7018
7210
-7077
6771
-1349
-4957
6329
4130
-2729
3224
2870
-5305
6847
5441
5044
-9766
7232
3465
6035
-4136
4
8692
4632
9483
-2770
-2744
8881
9758
3490
166
858
-8256
3981
-4059
-6379
4499
3524
-3252
-2674
7187
4844
-6906
3188
-3061
5763
-7760
3499
2297
7337
-4964
6204
646
-6500
-4128
1481
1752
-7529
-7392
-910
-5436
9966
-5564
2978
3371
-4858
-4682
-8892
-5309
-6211
4984
-8276
8941
-8815
5897
-7176
-6990
4418
-5982
5039
4973
420
2572
-614
-7885
-7644
684
-4191
8314
9581
-8597
-2465
-8690
-2610
-1531
-9914
7471
-4360
-2963
-4161
4925
9182
-46
3338
5733
-752
9175
6648
-3115
-6685
-4736
-213
5944
1805
5072
1568
-8973
9656
2674
-6623
-8515
2243
2688
-9772
-558
7687
-7909
-3527
4984
4029
-9470
486
8285
5035
7499
2706
9216
-9112
-2560
242
665
-4419
3348
-2466
-6927
-717
4642
-4408
-2778
8483
6754
5895
-8775
6576
-7906
4737
-2458
8137
-3429
702
8188
-5862
4941
-9490
-4935
987
7196
-6219
-1423
-4928
-8305
-8651
-6663
-3586
6046
1137
8170
1774
3051
9383
-3328
4944
6183
-3921
-1382
4712
6587
-7488
-2647
-7101
-9537
8217
313
9031
1738
-1847
8342
2616
-1184
4735
-2077
2879
-8408
-3641
7119
1098
-8802
3195
7222
-9685
-6535
-499
-9273
3938
419
-6234
-8926
4127
-3784
-7790
-681
-3708
-1309
-5968
-1638
-2381
-3212
4210
-7901
9076
5722
4018
-8482
7525
-3004
4804
8365
646
8995
6424
-5760
2178
7050
9627
8132
1310
560
-1334
-936
-4074
6222
4880
8219
9700
-3313
-2779
-2596
-2814
2317
-8517
9108
7402
-1644
-3859
6324
-3682
2378
8382
6357
2048
-1167
319
-8051
-5257
5027
-1083
6748
3440
2927
1237
-7295
-2030
-364
86
8676
-1279
-9580
1092
-7579
5874
6102
8849
-2957
1174
1482
7899
9761
-4667
5843
7786
9859
-1978
-6533
-7147
-6075
-7000
8283
-7742
-8454
400
8348
7772
-392
5975
100
4624
-8785
-5123
-8148
8421
-2073
-1355
-36
9408
7170
-1784
-2584
4613
-4425
4946
4321
-964
6251
186
-4172
-7009
-7902
4585
-5364
2156
-937
-9792
1261
-1782
1756
-321
5064
-7727
3366
7007
8284
5505
7466
-9255
3397
7280
-5627
-149
4830
-2448
3238
-8941
-7116
-3065
7983
-8958
-1038
-9134
7656
-3065
3988
-11
-7365
8497
2983
-1083
-8196
-4441
-8830
-6318
2547
9052
1177
-1631
667
-1081
-6298
2723
5886
9158
521
-9128
-706
7015
-3122
914
-1714
-793
9076
-7560
-7021
-4044
-3112
1365
-532
4959
-9926
-4124
-6146
5101
-1969
4790
8959
1076
-4268
205
-7540
-1492
-3375
4983
9933
-6843
-4418
-7928
1232
-4505
7337
1797
4839
-8305
-864
-5833
9408
-9385
2333
-5605
503
-7683
7474
-3861
2922
7572
-9511
-5910
-5406
6120
-524
-2418
-770
-1809
1206
8349
6284
-3960
-4524
-4481
-6915
-1773
-8235
-2869
-6438
5692
1895
7088
-3968
-4207
-8209
6624
-5835
-7627
-4520
858
-5647
-7110
-4237
-2581
1882
1247
-8578
8866
2299
-8875
1043
4771
-1390
-3534
7579
9698
3781
-2457
-1282
-5243
416
7449
5585
-473
-2548
1688
34
-2416
-8912
5526
6348
-2417
9739
-814
9304
-2277
127
6973
-5842
-7829
-6470
-8490
9043
3398
8736
-3573
4014
7666
2998
1416
2096
-8675
-7628
-5317
1195
-3677
699
-7678
8737
-308
-6833
-7806
-7611
-6929
-5714
9918
-4912
-4784
4528
-7223
3049
-6253
9508
8685
3329
-5166
-8613
-6314
846
-671
-5889
7707
-7847
-5962
4857
-7068
8077
-5046
9223
2674
-2407
-2409
-896
-3321
-1657
3352
6423
-299
-9266
9698
2593
5482
-2354
-3804
-9019
-9790
-8447
1841
1016
-6592
-2786
-4417
7584
-3323
7289
-4857
-229
5981
-3959
6195
-5268
1695
4987
-9860
-4656
2190
-4397
1506
-1400
-9443
-7001
1000
9770
2864
-8751
-9914
-4288
4265
-2440
-151
9456
9878
9466
2687
-7974
-5446
-701
-6845
-3823
1828
-5547
-6227
4668
-3909
2678
-3780
8240
4043
7683
-2656
-3570
3271
1189
4783
7013
-1563
-8699
4860
1437
8509
-4340
-9424
-6809
6707
-1021
5755
2738
-8361
-2829
949
6995
3046
4597
-671
-153
3639
-7537
-1930
-5286
1252
-2736
533
6489
-167
7891
7470
-5887
-4396
-5601
5868
-7737
3646
-5701
-9806
4134
-9042
-7803
7198
7328
190
435
-2982
7409
5825
7250
-2036
-241
1113
8685
-3547
5194
4600
-3979
-3702
-6641
4495
4782
-7346
-9513
1434
-1480
9369
-6251
6265
-690
-3302
9682
3873
7341
1436
-6985
-2646
1566
-2893
-8560
-7359
-8830
-2725
-4252
-1957
-3268
2966
6486
-8427
6890
5057
-8044
-2573
-4498
5094
-8291
7233
-2783
1822
-3489
-7853
-6770
-331
8842
3032
-522
1383
-5220
-4771
4383
2749
-8416
-8112
8322
8383
5223
-4937
9967
9764
3395
-5656
-2803
-4252
9489
-9324
2987
5988
-5222
3229
-4339
-2891
5727
6268
1198
-5115
-6221
634
2313
1999
2069
3151
-9606
-5819
211
-8867
-514
-8209
-4715
-4449
-8080
-490
1799
3562
6060
2257
1584
1749
704
8479
1459
-2391
9199
-9441
-4497
-706
8081
8439
3508
-632
-5694
3965
6547
-1900
-2817
3542
4
-9940
-3480
6036
7032
4153
-9620
1874
-2091
976
-8779
-3736
-2487
9594
5011
-6444
-6627
-1567
8114
-3039
-1284
9612
1100
9186
-5855
-6466
-6003
-6226
8838
9237
3306
1398
7354
8749
2689
-6393
9280
-7372
-2309
-82
7194
-8482
-177
9604
-7619
727
1784
-3497
-5225
-3890
3465
-6909
-8947
4929
-698
1909
6645
-3047
521
2296
-4759
-6292
6960
-2796
1901
2910
1001
-2000
1693
2075
-8680
1689
-4234
1059
-2261
4297
6544
7113
-6025
5213
7174
3198
3430
-1140
-9570
8201
4617
-9060
5311
8097
7921
5513
108
647
-4517
-8584
-3423
630
9625
-927
2105
-4920
-5934
-3982
7728
3259
459
7097
-5036
-4981
-637
-6598
2323
-1331
8793
3492
6717
7844
-2929
3364
-4844
8841
6294
-6683
2307
-2947
7270
-7288
-6606
-8963
-3249
-4025
-7695
2793
-373
-6184
-709
-352
4452
3827
-2016
-207
-3962
-1898
-9374
5342
5772
9912
-4652
2744
5069
-6822
766
9933
-3156
8757
-8165
-4776
7127
-6606
7415
-9681
-8769
1341
-6088
-4631
4797
5182
5358
-6739
-368
7288
2029
3626
453
-5374
-680
5966
-9490
-1974
-8662
-647
4435
9413
6468
9626
-7663
4015
-3098
9067
-125
-3796
-2219
-8877
-5766
-6304
-461
-5952
-5814
-6758
2168
-3413
-4859
-4082
-5354
246
7016
-630
1165
-6704
-9876
-8944
-4325
8208
4663
2250
7890
-8911
-5787
7945
2686
9941
7619
6368
-5600
-6083
2950
7644
-8424
-4644
-5957
933
4963
-7357
-4179
-5605
6153
-1854
5619
2364
8109
-8214
-8771
-3751
-3301
-6481
-9197
8704
-2832
-5952
4338
-3163
-8232
-9573
5820
9715
4658
2409
-8371
5692
-8870
9815
-883
-6598
400
-9877
-2914
-1744
4613
8010
335
1450
4996
4924
-455
7726
-4703
9256
8209
1188
-177
2589
-2463
9376
-9168
8675
9487
4194
5772
-7355
-31
-1224
-4017
-9950
-3403
5907
2534
-1435
8158
-52
-9212
-2909
-3886
-7498
2302
-9651
-5682
9496
-1155
-752
-5587
-114
-2140
-7362
5916
9226
-9310
5988
-5178
-55
5572
6911
5399
-2946
-9345
2224
1850
-1261
-328
-7773
4409
-9566
8042
-8306
9948
7356
1743
563
7427
972
-2642
-9062
5980
-8872
7145
3745
1675
9752
3860
5991
1710
6676
1330
2563
-4379
9174
4320
4597
-9579
3127
-9906
-6868
5720
8223
7036
-9752
-4978
-5780
-4446
-2178
-5303
5001
215
3406
1506
-4922
5933
9454
-4618
-1623
4714
-547
543
6151
-5067
-9992
6956
5182
-4689
-753
-1953
7309
-252
-5007
9943
8609
5884
-451
-5682
-5239
-5956
-7868
-3277
-7903
-9783
-4559
4229
-1416
5611
-519
-5650
-3406
-4254
-23
-4687
7499
7048
-9937
9276
5486
-8081
7518
2567
2929
-9889
-9293
7716
6097
-7172
-1861
-5916
1927
-9673
-6261
3618
-8332
-9923
7952
-9637
-2491
-3717
466
3047
7543
3012
-1568
4220
9828
-1420
3476
-9379
-1133
-6248
5105
-8071
583
4339
4497
2952
-2650
-1622
9839
8087
-9114
1986
-6370
8614
-4157
5662
-9813
8218
6748
-5177
-4036
-7115
-3280
6768
-4625
3367
-2860
-2141
-9472
935
-7286
2946
5448
675
-4300
4056
9008
7957
9568
-6257
-9773
7807
-4849
-694
-6014
7010
-91
4632
8420
-6739
497
9469
5752
4813
-8186
-3275
-5448
6714
2173
-2806
6458
-2784
9011
-2188
-8225
3306
-9584
-5686
-7645
2556
1573
-1166
5471
8808
6422
7045
-7179
6856
-959
3945
-5462
2512
797
9664
-4789
2788
6203
-633
-2989
-9999
9996
6092
6718
1185
4517
-8450
-5687
-5915
3107
-1901
-2888
957
6556
3099
-9552
6594
-5627
5889
3702
1501
5994
-6177
-4282
1925
-6646
7381
5523
-8424
1177
1945
1640
9929
-740
-663
9015
4417
-1929
7667
-1442
-4045
9279
-246
-8517
-3342
7419
-3007
-8669
-9869
607
7983
-518
-1993
-7069
-4068
994
6547
8237
2483
-5607
-9664
-1254
5849
7629
-5975
7426
-5412
-5166
2698
-1860
-7999
3265
2151
-4288
4087
1891
-722
-5758
49
-4903
-5839
8769
1135
-8213
8803
5106
-9340
2236
7884
-9790
892
4112
8933
-782
5910
2074
1935
9780
-4971
-4209
5041
5762
-4063
7631
8658
-6706
3874
1221
-7281
2283
-1806
3234
1279
8012
6418
6476
-4919
7043
-9826
-6847
-615
-4390
-9885
-8401
2608
3671
9157
-3053
3142
8359
6095
-2335
4153
1344
1416
7481
1432
9728
-7512
3120
-1717
9988
-172
-9679
2895
-1521
950
-4443
1397
898
-6931
1914
4110
9663
-9345
-5398
-7853
-8526
9435
-5469
6803
6767
-4387
-3881
6270
-4227
2858
-2685
2071
4022
-1994
9334
5855
-6967
1366
6613
-5366
-2104
-1017
5897
-6486
9426
7490
-7861
-4547
-8511
-6125
846
-5464
-4496
3976
7884
-5832
-6238
4785
-3931
-8563
2587
1833
2197
-3114
9422
-9213
-9742
-2460
-1546
-9717
-7317
-6132
8727
6453
7630
8713
9826
3013
-7448
456
-3164
-601
8624
8373
-5255
8420
5359
-9009
-6376
-354
3913
9028
4553
-160
-8335
-3107
2151
-4549
4713
-2032
5553
-8478
-9729
2910
-7454
-7115
633
9023
-288
-5508
9307
-7194
-6861
-9879
-6513
-8216
6034
-9940
-4016
7537
842
3363
8007
-2552
-9841
7934
-1848
-8730
-7047
-3911
-8240
9412
-5156
9437
-1174
-4027
-8685
2801
-8942
4307
-1040
8992
779
-9608
4921
6616
-5799
7436
-912
2230
-4992
6961
-3173
-9089
8440
-6404
-7428
-3450
-3675
2950
-3745
3690
-4032
-9773
2466
4715
-5468
-5745
-9285
1607
9921
7841
2001
7495
-6043
-2372
-9517
1023
-1068
-3627
6252
-155
-9040
-8485
-2993
5065
6572
-1854
-706
1202
6350
727
-5230
8197
5907
5413
3563
-7929
-7235
4433
889
681
-4664
-624
-7513
-4829
-2691
9632
1194
1424
8328
4629
8991
-6882
-939
-2406
-8286
8278
-33
-2135
7143
-3610
-3555
-7670
-4908
1089
-9328
-4666
6657
3105
7261
-9978
-9840
708
6439
3923
-5209
-2270
-535
4261
-3906
-1525
-7432
-2283
-4877
-9829
9784
9095
5508
-8327
-343
-9231
-8071
1057
-8470
3700
8362
7429
5805
1511
-2900
5055
3083
-4872
-6028
-6542
6484
5819
5730
-3382
-7745
2155
-2648
-4740
-4781
-6440
-4769
-5593
5208
9902
5053
717
-8353
2210
9732
-972
-2867
-2586
-679
-9682
-654
-5887
4697
3722
3421
-2425
4796
-3753
-2027
7832
-6444
-2271
-9739
1882
8855
3983
5496
-9613
882
6412
-8729
-8730
4908
-331
-8513
8691
537
4017
1041
-5088
8626
-760
7869
-189
-401
3301
1356
-6983
-4373
3455
7545
-943
1528
-5810
3306
3493
-3168
3412
-3881
4854
1981
9474
3008
-2824
-2449
-9649
-3378
1495
1991
8326
-1213
-4699
2040
8035
-5889
1805
1653
8445
-4956
9294
9369
5896
3512
-4722
-7428
3428
9146
7292
-7141
-9834
-1505
-9011
1968
2292
-7064
-2370
-6824
-1104
6533
-1586
8510
-9836
7079
94
-661
-2942
4896
3239
-350
9659
-773
5008
-8252
-9565
2404
6502
-7561
1727
7768
-1144
6103
-2685
8243
-8055
-7421
-8478
-2649
4764
4862
1305
5895
6544
-9110
9610
5869
6842
-4720
6455
-6087
5534
2506
1302
902
1453
2958
-3422
9356
5806
-5621
1702
9641
1409
-1727
-9188
9122
-9185
-2516
-327
-7093
-999
-5122
-7323
-5276
-967
6052
5011
8331
-8121
8203
-4245
253
1589
-2082
-4596
-7764
7963
6748
-7221
-4620
-3971
5846
7702
-8373
7335
-68
-4848
9125
-9027
-983
-8327
-9559
1569
4201
-1119
511
-6300
-9043
-7655
2887
6400
4857
5320
4188
-7384
671
-9673
9696
-9543
3841
232
5139
6799
-9334
-8301
-6197
8343
-3697
7985
-1468
7657
-9806
-817
-7181
-4588
-9868
7936
7304
-4286
7652
8678
-3474
-8853
8493
-6320
2993
-9409
120
7500
-5908
-1533
-1710
9204
6529
631
7587
4567
-2294
7856
-9144
453
1479
3568
9518
490
181
4541
3083
4255
-8946
5481
-2622
-5283
-6401
-4819
-5507
2955
841
9869
5790
-8313
-1792
4807
-9582
1083
-4166
6216
1711
-6942
8155
-5253
-2296
-9338
6033
952
-8681
8824
-5188
4783
-1737
8105
7164
3009
5211
1869
3515
5153
-9226
223
4621
5767
-4806
1468
5640
336
-9554
-6160
6033
6773
9285
-3469
-7048
9801
-6749
-9899
-3690
-8016
6586
2159
-3375
-7437
-7665
-8232
-9423
3968
-4858
1357
7148
7769
-8749
3761
-4734
-6978
5140
3562
-1128
-7914
2964
-3462
4434
-8407
-3392
-988
8471
-7066
-4253
4726
-9037
-8252
-3810
-8953
386
8990
-9929
8433
6664
891
-1114
2683
6575
1208
-7860
4433
2666
1531
4141
143
-832
7468
3732
7106
-523
2582
-1022
-1401
-7581
-9047
2118
1888
9715
8369
-2711
9478
-291
-5191
-7819
-7334
2683
1532
-8734
-8925
8201
5085
-1186
-9195
9544
-1305
3347
4643
6320
-3051
-5021
104
-3745
9516
-6855
3847
1712
-4792
-3757
3636
-394
-7968
-9044
-2166
1038
739
-7407
6323
-4462
-7843
9214
484
-1183
-8392
-1876
-2879
1284
-6711
-6877
4901
7008
2245
-9007
1460
3226
-2902
3632
-7842
-3138
-5344
2864
3999
-3172
4954
-4175
2127
3514
-4768
5774
4113
9337
-5964
-2500
5589
2018
-9279
-548
2728
2049
-2635
5895
-5097
2934
5755
5297
764
2843
-5833
9496
8698
-3654
-5102
8573
6005
6948
-5731
-7712
5400
-4165
-4180
6749
-5022
-1020
7083
9615
8829
7664
6918
-867
5626
-9244
5127
3821
1516
3290
9786
2273
4699
-3258
-6782
-8089
-4404
-3890
-9357
7046
9034
6604
2022
-1193
9832
-1280
4520
-2301
7106
-3922
-7838
-2748
-2729
7294
-3463
-7140
4727
7627
-9834
-9255
-8635
2592
-8854
-196
63
1733
8720
7628
1043
-2026
5229
-9723
-3512
-2301
7442
4470
-2682
3615
-7725
-7168
9565
-6827
4921
-603
-7207
-134
2873
-1180
-3732
6994
-5872
-747
-1119
-76
-8364
-9505
7093
6886
-6721
5711
-3205
89
-4383
4629
-2271
-260
643
-6114
5950
4375
-3206
-3865
9273
1612
-6210
-1052
-1745
8536
8615
-6651
8579
5535
3008
-9554
-7472
-2111
-1589
-6167
-1121
-1055
-7246
1742
-6599
7707
-2621
-3555
-9399
7308
-431
-5301
5789
-2286
5009
-3440
2638
864
-9000
3226
8222
9731
6141
-3081
-2093
7510
-7643
232
-1444
144
35
5755
-4437
-3118
-4368
-7439
3037
-5049
2050
-7859
1812
8827
8618
-7335
1607
4087
6132
-7004
9404
-3552
985
3967
-1954
-8016
-7755
4423
-6378
5825
3439
-2998
-3747
-5002
8254
6350
-2589
7163
9198
1013
-3976
9685
848
-3121
225
7487
-8984
-6513
1344
-8459
-7296
7386
-5511
-2820
8916
9801
5971
6966
4576
-753
-2993
-9117
6214
-6061
3264
4603
-8210
-5708
-3932
1629
1408
-829
-9209
-9636
-4700
-4573
-8885
1762
-8271
2708
-1042
-395
-4742
-6740
9338
9400
6047
-9638
3968
8676
5498
-7140
9368
308
-4609
4191
9155
-3533
-9056
9028
6239
8718
9488
8470
-8663
-205
-3090
-3698
-5459
-5090
-2898
4004
-3695
-8778
38
6632
-4720
-5730
8954
2534
3776
4464
3976
-3128
-2374
9316
6291
-327
-2287
-8575
9550
9054
1541
-5760
416
6143
-8970
-7169
6940
-6899
-7384
-4956
-9620
1175
-8951
8884
-1067
9987
5496
-9543
-6783
6018
-7123
9383
4916
-4908
3929
4692
6185
-8107
-206
-9848
-2148
3342
6979
-7872
-4406
5817
3898
2708
5070
-7933
-1427
942
2711
-431
9164
-4820
3822
-1501
1471
2553
903
-5707
-2739
7624
5198
-4744
-1468
-3701
-2140
-6622
5795
7789
-2687
-6567
-7412
-3350
3125
-7315
-6175
6110
-4422
-4626
-4637
-4569
9718
1662
-3625
-1637
-2209
1978
-5283
-7507
1181
5813
5924
-6010
-6821
7386
-950
-5480
-1141
-406
-6824
8120
1426
3748
-7813
9448
6546
-4720
-7514
-682
-5004
-1169
-7914
-1101
-6860
9909
-3601
1677
-1154
-1615
-3132
4577
9482
7958
9004
50
4189
3545
6839
3339
2979
969
-6164
5593
5421
-6339
-7534
913
129
2671
-6899
-6082
5604
-7063
654
-2008
-7298
-9033
5313
2648
-2101
973
-502
2050
-1803
9986
5836
8732
4243
496
1002
1637
6543
-9222
5292
-4866
165
-2436
5866
-5491
8304
-6523
4739
-2051
8200
3257
-3446
-4724
-7790
9599
-4597
4587
6479
5236
1284
3607
2248
6147
7083
370
-5459
-5673
5461
-532
-1561
-2393
-6605
-9912
4284
1804
5768
7096
-1621
1013
3956
6238
9686
-6005
-868
4321
-2843
-1501
3407
8622
-4588
8829
8061
6791
5090
8110
-2184
-47
1121
5675
-3629
4842
4131
6957
-3063
1895
-4490
-1589
-3585
2292
8797
3034
2106
997
-9606
-2601
7236
1698
8619
5230
-2067
9104
-632
-3877
-7240
-8656
-5129
603
-8969
-4454
-228
-66
2783
-9972
-1867
-447
4031
2784
63
-4930
-375
-4177
3292
8963
-6942
9905
8140
6037
8132
2802
-3382
-6591
-120
-1160
-6111
-8803
2346
-1119
-5767
-4492
4398
-5688
-9933
8254
5116
-9419
-894
-577
-7050
9214
-8279
7806
-1760
-3061
5777
5437
7888
-3856
3779
7641
-8836
4511
-406
-7114
-1792
7838
7190
-4345
-9258
-7318
-8547
-4232
-4246
9460
2452
9999
-502
-5522
7675
-5322
4658
1077
4841
4224
-4979
2651
-4340
2146
872
-4691
-7801
1272
8349
-569
8547
1097
-4757
-4392
-6415
-2036
7543
-2068
2859
9973
-7034
307
-4367
3569
-4279
9684
4716
155
-817
-2303
662
9252
1961
4020
-2157
-9770
1547
-4206
975
-7368
-4529
1584
-9347
-8496
9740
-1818
8385
6446
-3220
5017
-1463
3937
-5912
-7054
3398
2613
-8735
-110
6084
5339
3099
-8349
-5550
-7400
1588
-293
4288
3989
-1194
3267
-4842
-2116
3426
-3242
-1118
3354
-9902
6386
2165
3890
3309
-3221
4688
6454
5970
9617
3586
4247
-9304
-4565
-3613
-523
9601
8534
774
4507
7663
-8218
9428
-6088
-2335
1198
-4159
-6209
-3748
4437
-6
363
3724
4279
-2708
8771
-2895
8881
468
7980
-8972
403
5893
-13
5249
-6890
5933
-1674
-7528
-5038
3311
-4633
1552
7353
-1759
7853
-2061
3651
-5878
-3038
5192
4587
8700
2786
4707
-7218
-1458
-8789
-7288
-1134
4801
2269
4584
-3416
-9706
-9332
-4223
-9278
7816
-2191
-8431
-2855
3353
-9106
8393
-5940
7294
-8840
-9263
8510
-389
-928
5720
-1395
-4162
-9578
-9859
-1542
-6894
8091
-6278
-1441
-3652
-8965
-8035
1919
-1800
1834
9647
-9443
7230
8092
6061
-8433
1183
8755
-6214
-8790
-1331
-6110
-1773
1095
-8849
-4855
-8267
-6092
1728
-2695
5918
2473
-719
8384
-3308
-6991
-5589
5114
1518
4940
3429
-7882
5695
-6874
-9914
8040
5155
6759
9987
5025
-324
-7254
-9457
8796
8073
-7222
3734
-6415
-6151
-186
-2419
1487
5214
8355
9026
2774
4993
-1614
6770
6178
-2800
8276
-1907
9808
-5261
7504
5243
-6952
-975
3428
-6566
-1653
8408
-2759
-3410
6768
7310
-2844
241
6601
3773
2788
3093
392
5645
-970
780
7642
-9271
2157
-338
8337
7960
1138
5175
7432
-2762
7508
4133
-1283
-2405
-3012
3960
-3914
-8724
8717
-4718
-704
-9255
-4620
-402
4091
-811
-9187
2046
-9894
9703
7597
-6629
4684
4871
-8245
8769
-4144
2285
6993
-1851
-584
828
6237
-5553
1162
-6663
-6304
-2074
6415
2441
8973
-2801
-9157
8179
-8395
8430
-1809
-6675
-7413
-9942
-9931
1655
4021
-8216
692
2410
2225
7759
7730
-8352
-3873
-6273
2806
-4276
-1750
9681
7694
-431
-8599
-3971
-2044
7180
3774
827
-3291
-3834
297
-1137
6896
-9022
2609
-2850
-5427
1734
-8676
5961
-354
1723
9561
-3656
-5348
-4438
2056
6653
1674
-4901
7048
-2762
-7647
-2401
839
-2464
4121
-2138
-5067
5172
-9417
-4454
-2390
4506
7195
7081
6404
-928
-5566
482
-1583
-1045
-6364
-426
7487
-8356
-8607
5512
7630
6082
897
-196
7060
-7606
3837
-9395
-1162
-5102
8840
-6711
3323
3245
8262
-2428
-206
7162
6175
5906
-3273
-4500
-968
9418
6098
8390
-7392
1822
8127
-3936
-4078
7027
9581
-529
-2966
-8595
798
-2255
6049
-4183
-4485
8802
-454
5501
8234
-6336
7484
6001
-503
2726
-1910
-8471
-9280
-6229
-6322
-4779
6649
-4158
5286
6760
-2919
1624
482
-3658
-7120
-7161
6743
-9617
-1851
2540
-4654
7997
-3880
-3849
-3227
-3423
6914
-1879
7988
3208
-9254
2939
3755
-8909
8489
-8789
7702
-3733
3135
-7270
-8504
7600
-3703
352
5293
1598
-595
2133
1142
-3678
5116
-9742
-1527
7948
6881
-8223
-7422
-7832
2891
3890
-8556
-8310
-3025
3706
-5113
728
8154
7276
-7296
841
-6498
1728
4470
1036
-165
-3033
7736
2869
8629
