500
3200
80492 83977
70165 83430
73523 84367
23476 67213
64195 73939
26616 72895
84595 85734
63285 66352
50325 68721
44161 48147
60693 66079
72131 79074
59039 80961
74263 83372
53019 69672
77419 82477
58252 67835
11267 26345
38400 51014
47550 56856
39432 73113
41277 46614
14195 45477
19607 22124
77091 79574
42074 73455
8100 23889
32899 82529
74323 85257
19917 80104
30349 51878
63359 84661
51529 73543
78707 79269
82177 85717
3774 61277
71182 74295
17654 21737
18039 31477
60196 70564
73105 78140
59798 76848
3190 81156
36515 42147
18782 63221
26447 77353
36411 62173
49873 59379
85160 86214
68618 78670
8730 84767
72747 76568
29827 60633
60993 61403
31223 58091
22894 35480
81564 83406
83124 84995
51328 64713
68121 79324
65505 71639
83895 85292
58223 71990
4594 12712
80916 80976
19317 80360
68262 80808
516 54358
14903 49547
22460 31317
73311 76560
30341 42724
57105 80012
48136 73587
60764 85213
16494 29064
24742 81962
76853 80308
51559 79473
35465 72197
58648 80358
38142 76427
63421 78108
71396 82362
77910 82849
59844 85456
76905 84953
50760 65791
66585 79100
15925 23322
19988 60554
49460 72194
85347 85523
74840 85664
26126 65404
11992 75856
82758 84938
71215 82501
15235 25085
5372 30871
68020 74256
51733 72780
23872 79232
73771 81638
41508 66858
57112 70482
51639 73790
19293 76364
58944 68579
25356 27180
26685 65438
78799 80779
15748 36714
30465 36903
57387 62320
66562 73989
63057 79212
28197 80666
47243 66668
77186 84169
85952 86220
30616 50711
62338 70298
74782 76107
42959 77337
31014 76710
38496 56885
64367 73948
20216 43851
36065 51815
32632 43356
47743 53423
31534 41486
60052 66439
71195 83520
59162 83996
878 8607
8995 33174
37419 42303
69874 77450
57431 57680
2506 46077
69302 84580
44510 74035
63392 84751
84089 85906
26878 29369
84092 86251
16648 52863
73436 85467
52577 64964
37432 47515
27483 35675
9840 50667
74240 77419
68234 81052
42693 69743
51796 83758
47795 75411
62122 71289
53851 57748
9661 22570
24557 41577
55446 78591
62669 84141
63227 85733
12132 21446
968 73515
74733 79125
1333 86081
30910 80250
58441 62213
38498 51202
82101 84952
72723 74720
6507 67623
9553 46242
18129 28024
31092 49437
73852 79784
35657 51723
8376 72132
16452 82337
28790 59588
28849 77844
7722 58458
63913 75515
31724 46403
77499 83705
19133 50723
42034 71651
55539 76729
32718 50372
60525 86071
74470 84558
35995 40405
8954 38759
11591 56021
50115 85800
53743 82746
56971 66765
83069 86016
19777 78955
52477 85441
64708 74377
45105 56869
62296 79291
69181 71344
61991 80054
58823 72349
59330 71395
53704 82141
60347 67517
64172 65938
17851 70943
81003 81275
5850 66411
69908 84485
60428 73085
3047 51379
25786 61714
40990 82705
28788 38662
39578 57564
23883 70138
34498 82135
72777 81803
68621 83215
40872 43501
72361 81604
30151 40902
79925 84486
320 25473
28938 67109
13250 17987
36371 81006
46021 49678
27261 48543
81636 81819
39608 55633
47502 51552
17673 64276
52525 52779
10506 69232
6798 15089
35634 53748
7699 26397
33743 77960
58074 83523
60174 84760
61362 66296
27657 37638
27216 59187
77125 79989
14352 38845
71520 83270
76817 78374
67613 76195
69373 79808
45431 56351
26249 53365
13778 48567
25689 72540
53233 61343
21262 30413
47553 72829
76271 81804
21993 45599
19248 72023
65407 74823
8468 51812
62676 70878
84514 85246
56448 72902
59258 71137
6952 62823
65062 72265
29790 33441
71974 81453
59079 77458
74654 85363
41207 67111
41642 54627
26714 42947
11659 84098
57295 68628
22114 41342
67592 82065
54226 70231
4198 64104
79633 81329
14003 42801
66088 73033
45043 83131
5330 59434
20030 43252
24368 84716
54176 64286
44757 45081
4124 13761
38124 42364
4611 31342
84226 85673
7650 45975
53020 56107
59365 64754
67439 80758
40840 68309
53369 81407
14589 48631
19577 27762
7307 17840
42746 75255
20688 60068
61224 82550
9180 15776
18337 47430
44117 78609
55336 77485
28375 29013
33162 43216
24792 41070
23039 54055
55025 72907
67983 81372
83118 86075
59017 73311
65974 74411
82703 86226
44921 61169
19099 86012
54827 59076
24134 47582
8671 54168
38598 65359
19374 38990
53794 64257
56830 73889
30286 61260
206 4277
83814 83878
19241 56421
52836 82451
15111 19698
11139 77559
70721 85439
82373 84781
82163 85563
54423 56103
60291 79042
79603 81824
16164 57193
62089 66139
66573 81038
38032 41908
50455 77487
23435 85026
7341 7493
61202 65847
65129 66810
28102 28876
65281 65851
11245 72742
70958 71373
39536 77761
40548 79794
59557 76865
9399 21643
60335 64494
81726 85837
43363 50474
30462 51133
60451 62221
66617 83505
78754 85982
69706 70035
51080 82261
57342 75453
77492 82849
65819 77843
70090 81667
31577 54701
58870 76881
61984 74825
13474 31863
71228 80923
75489 82277
5346 14080
7119 11118
33738 72559
56395 83061
22317 58500
77748 80000
61019 78597
14232 37657
50678 59913
69394 72705
49261 78244
39090 81963
66600 73328
85268 85520
19357 32795
30208 40672
82082 84577
45195 53079
82093 82421
54029 83294
12048 18008
20632 80168
51040 60893
21952 76140
14261 66968
3237 46491
73680 79018
75286 78681
57242 83403
24577 84242
69344 70171
24555 68055
72570 78023
85920 86363
77518 78235
40211 51464
51582 79612
1778 84399
38725 60426
43817 77026
42816 69179
51030 72281
39234 45694
63819 83507
54041 57312
81722 85978
28094 74470
24106 34062
57490 66001
1038 48824
63644 74925
58945 76294
48443 58250
27196 53981
2069 13516
47819 63622
14128 54643
82464 83442
34259 83584
67379 86373
40194 51117
15202 35664
9689 77994
10755 74216
28494 32874
60850 63566
24338 73888
37592 55133
40146 79147
41822 51748
14796 41688
57865 64539
19689 69440
5574 59428
4512 43570
27436 50876
67986 71848
31643 57389
30876 71007
80505 85378
13768 84386
66291 66552
46401 71848
14586 15260
33843 81304
85462 85533
74909 81021
68454 76707
17528 73331
4745 5110
42133 60288
65489 82946
28920 42283
80583 81250
56662 81187
11742 18021
10498 46161
81128 82758
41806 65685
34334 38398
8061 24940
59788 62237
7092 78561
4713 85037
49097 62746
51248 74119
39253 70231
29758 62461
63730 67169
83342 84273
49132 81699
1597 53666
10209 62785
42431 52175
66894 72683
34376 81565
15634 45719
71753 78057
30968 49920
76387 80586
60629 85534
55909 74269
65003 68116
18330 37624
8272 23907
57953 67990
36643 81641
56379 84233
11051 63781
23264 62746
54194 59159
82326 83731
71231 85507
22121 80168
8048 81209
61262 81168
13471 43354
30450 68556
15137 22434
54712 73965
59881 63875
33349 35906
80824 82040
7963 16469
63140 68914
65828 84094
1435 69003
61846 67889
80289 83101
84969 85417
49701 73434
51671 72896
64399 82417
74693 82399
53012 85369
44673 62775
33782 54495
81494 82466
80399 80514
42300 67044
60573 62400
29434 83247
50713 73244
82234 82294
6875 10324
3984 19736
69343 79538
24897 43953
5755 79812
38679 53442
35048 67033
72040 85135
18834 47559
39776 53161
21515 72181
18342 73751
84470 85696
60987 62746
54203 82846
46704 47519
77719 78871
16688 61649
82665 83328
21774 33570
81302 85291
69631 77586
57742 70460
60120 71068
42558 51779
5523 81212
27433 71257
37451 54302
64622 71585
60273 67560
68779 82931
49269 65099
45759 53086
68226 75626
69603 84155
85178 85819
64813 67439
73812 82842
58005 66308
4532 75653
50918 66290
37578 69850
47562 81234
38896 74557
65763 68769
34846 80091
8246 29927
19838 41318
85516 86248
65552 83231
41095 70104
51378 57140
57280 79618
56071 84929
56284 67915
77056 83185
18865 30063
31168 47439
32719 38273
10280 14067
74775 77491
82912 85668
59107 67247
11493 34972
85804 86309
6660 47925
63476 78084
8573 83072
60030 80253
54050 73249
4596 47936
45240 59399
45982 65406
37942 45905
6451 21335
4210 76291
22600 61529
45514 58385
84074 84336
26357 28250
85025 85546
84894 85901
41246 76413
53145 70872
46527 52020
56732 63648
51876 58646
40871 80746
4765 60323
59314 84027
45034 71671
66942 81190
32126 65487
15084 44951
10713 16984
7750 26332
31608 68170
22442 72098
55711 78979
16329 46782
26374 76694
9681 26605
52744 58888
63232 80646
31297 79736
47622 82223
71112 75131
67879 68554
1315 26030
28202 64667
40303 49743
74851 84487
65800 83434
6256 78846
67380 82954
17036 67211
7194 44498
4805 8222
85539 86325
1877 4308
53186 75347
539 76390
17477 32763
51635 59856
69702 83824
68761 84031
22936 55273
17967 56438
53523 66534
23276 85325
82889 83207
29846 65019
32776 59029
82637 82795
75586 76920
44788 59073
65152 70383
68251 82990
55077 65376
46240 51739
22343 30408
70749 76354
64038 72957
61880 69590
27 12162
6632 81963
42633 73239
70834 78150
76224 80834
77119 78273
4026 63201
25937 74183
47932 48443
18159 25642
51523 53791
74372 75660
30394 68138
53554 63596
48131 53644
38660 81796
25224 67262
8308 82957
32186 65930
83447 85902
9993 22156
14591 66779
45242 52222
55892 63187
3974 11155
72122 73444
65077 84306
85896 85972
34759 63939
2523 54154
41315 66484
19004 74855
32157 50975
6533 72997
33417 61619
74150 85171
51147 73071
23129 76928
69280 77176
82938 85956
24907 85105
30298 71646
3339 53259
37251 62192
50938 60782
31994 83155
32246 82694
51818 76635
15512 45833
5194 60088
70038 74987
64831 67743
84516 84964
48032 82023
18265 80652
3641 48145
7381 26673
36679 62670
1394 67000
46898 58892
58296 69714
16804 31202
5299 51941
24009 29575
27333 61523
80012 80896
59063 61658
20837 38108
36453 42799
14290 61470
53553 84325
79963 80734
62675 85782
12560 43306
84525 84666
850 86210
84879 85937
437 39151
16293 38834
77196 86062
8310 55684
56892 84937
780 51919
42686 65199
4239 53141
65501 71183
6849 26398
68952 83014
15978 17027
11123 54925
54649 58507
70449 76964
4535 22007
71860 74933
52612 62922
53959 74689
83244 85122
1001 17172
60037 62016
46586 84844
61863 84774
729 7611
42165 48335
69335 78817
1205 10032
6784 14549
49837 60090
31924 49037
36692 67225
36911 81197
57212 70832
13047 30626
57778 64355
65833 79838
34052 60496
47163 79799
42556 48546
80604 82185
74759 75816
64987 75750
67410 80798
69405 79719
31435 49227
6019 69590
10211 55822
4589 56615
51242 82445
49220 63858
29251 80500
14087 28160
74084 75019
68314 75210
78898 81314
6596 85160
25095 63354
31988 40759
60703 80295
60562 77249
67660 80425
43189 53186
85131 85424
25135 62793
16409 76652
34632 58314
42293 83587
68661 69597
2916 7760
23896 76007
808 76836
45418 55581
14492 77607
41148 62124
17731 44971
48147 53207
4769 59559
27403 51220
56206 72664
10586 14602
74395 81821
31556 52957
47935 48884
70726 84974
6568 62108
74093 79866
69430 78659
38938 52956
48214 64242
38359 83636
30175 38982
83781 86139
4238 82063
31479 75367
4901 29782
76172 81068
27330 60257
48719 54456
41987 52458
554 70871
17345 61883
44335 69083
39869 62038
11056 65371
78319 78675
67991 77500
54916 56878
6258 78179
11607 24017
36915 58657
7906 53930
57441 77533
38575 40912
42809 75260
2094 22905
83344 85967
7666 40523
62554 64367
80342 81660
35413 53238
3540 21304
41938 80214
45959 85006
25753 46316
44462 86218
82759 84941
56424 59276
80658 82809
66380 81389
18281 26943
25138 64982
60559 60991
12662 66233
4700 38846
35100 73136
65629 70312
43973 56507
65712 74917
30370 38804
2535 12318
73707 85409
48973 76292
6772 83976
11836 61434
5127 62036
24837 49973
32582 71707
886 59225
48987 51949
9402 52755
55386 69193
76662 85187
58709 79381
20149 77261
42495 86231
47638 64987
82459 86010
25991 27369
35963 43559
29668 62065
72298 79318
38710 57999
48733 81135
25728 25796
16925 51348
79048 85667
56553 66557
71255 73629
85401 85694
70808 74237
51082 58505
30991 47059
4218 20172
23868 34675
37864 47838
1335 48665
37345 67685
79632 84807
34496 67413
14484 27588
43521 63896
62549 78619
84796 85662
63907 70059
83291 83909
84411 86014
3886 32546
42299 82907
76630 79763
35656 42350
77996 86093
68736 69119
57801 64212
85264 86334
43707 44838
35282 55075
82393 82656
2302 64845
2571 8530
43197 49369
76212 83340
3682 81674
84057 84810
84813 85964
26743 75539
63900 72007
28870 79655
27056 43575
46034 74807
22361 44030
59409 72741
10393 43364
45503 74637
47190 73467
45414 84511
11421 63537
7107 24451
40729 75043
42755 45997
15888 51334
11744 48140
64643 79784
52136 80154
6839 80052
31751 58582
28107 85538
83566 84465
42723 67529
10563 22074
4634 42514
73498 78372
65445 75129
25169 68375
59124 74053
17873 29698
44324 70280
27302 30778
21716 34025
60532 75437
85690 85988
82697 85813
53128 80091
49354 58788
76384 83859
53955 77322
7019 53369
54735 85239
83546 85601
65884 69346
57126 60582
61737 62860
58559 62024
21064 22383
71154 81351
50054 80892
53175 83130
52731 71426
75521 85062
27046 72027
52359 85249
13714 40045
78461 85895
85899 86133
41051 56227
49566 78257
11596 24010
78423 80152
7484 59652
56037 80922
66210 72475
5558 86105
40388 43078
33502 68481
41968 43115
6104 64409
19738 52044
24912 41006
48545 80593
41055 48977
17420 35147
32684 78547
34217 45441
74708 79499
40355 45377
26336 53165
45590 76229
58071 77517
26437 33157
22326 36847
48169 68251
29969 79364
3450 67313
53912 85167
49849 71661
62852 77770
42984 49271
60109 73788
36224 55520
62642 75328
11061 35727
35525 54351
47431 60593
5960 6427
59892 71366
30097 47332
22804 83683
73824 82661
79600 79801
74459 85915
15523 52182
56082 58016
11535 64921
60560 85454
23266 29510
13693 62297
50591 74602
42680 62168
363 69215
172 55275
43198 43792
74434 77781
17886 26165
12274 33235
67496 85486
7186 57616
45018 79596
75822 80505
44770 46479
79671 86012
84440 84623
23345 60498
2794 76292
44196 64473
14998 52533
17815 26575
7070 18963
66301 76074
487 18721
57758 60237
62749 69463
13522 69170
4344 49734
18972 42292
59080 62810
24452 78943
36771 73340
85967 86217
58999 61365
72106 78378
55556 57594
24237 68214
14331 23599
60920 83883
52302 85359
62688 64443
81181 83478
52218 69711
37090 64479
73877 74610
85730 86164
58687 67438
11324 32476
77310 80941
67947 75863
71722 84777
37058 77447
73868 74806
38527 41127
32890 49577
79797 83231
29416 35526
71666 84421
8590 37794
81496 83318
3813 42290
33180 35443
17370 37626
75763 79455
44383 47017
20824 47620
10823 56530
10060 26436
60855 79171
85694 86306
79937 80848
2219 85292
1243 42706
5619 81035
568 40319
58924 66644
82868 85526
59885 78570
77106 85794
51401 77082
42705 72825
30826 55275
11750 23357
45816 52934
27938 34687
78926 82940
25018 41188
22085 51121
26553 55463
14934 81495
48758 64508
51369 53348
4390 33245
37022 69923
8121 28109
32612 80827
44057 67651
33299 85337
33047 40865
5984 66183
72581 77569
49141 56402
13816 19780
22570 26127
60230 83728
65317 83214
9061 31587
79581 83139
19569 24180
22867 48532
67434 79546
46255 65525
81967 83437
35819 47422
57894 60913
31571 48066
49791 64301
60071 70364
46839 58928
9337 34867
14725 80249
49713 73865
1140 44111
16744 18888
71159 71559
30050 62410
24929 71425
68039 69957
15243 38795
69130 75847
6338 54486
57251 80090
6910 80361
59134 80093
63085 65660
54434 85662
79798 84097
32801 64655
60627 71249
62581 83952
1827 37207
11208 41222
50922 83062
67177 78983
16535 58106
15130 26404
70545 79508
12570 63704
12333 16986
83209 83939
16250 17334
78939 81245
79133 81852
21142 34280
68648 70706
46466 80572
9363 43019
83496 86156
25140 26920
26028 41766
40019 65504
24614 82679
63668 73408
71426 80961
41490 71257
18911 39879
63491 69675
8331 81805
19203 84582
57352 85579
23954 24611
58842 62269
68471 70824
84357 84820
53343 54092
55283 84780
59671 60964
24900 68120
24698 67190
78855 80507
38348 65193
55046 82136
5204 39848
70518 80865
16015 65261
6300 31491
77267 79527
49972 50774
69919 79048
31448 56253
1686 62896
63347 73286
36823 72687
611 28321
56180 63949
56208 70945
60482 84614
30888 59267
69255 86379
45337 47562
79564 80165
61797 73981
26849 48300
54348 84771
14200 45167
57509 69397
53577 66217
46596 55575
68057 75762
22357 59606
53382 78647
37561 53089
42840 60494
4028 15488
55161 61461
52146 72947
55883 66130
68580 84142
21935 34736
10038 25193
13713 54932
10550 59284
36751 76891
18660 25713
33924 45777
61103 86181
82906 85186
2820 10133
10959 86137
25687 65469
33983 40318
64255 84573
81729 85919
21931 46354
7064 9184
24231 78781
22275 39388
41524 51560
21976 37529
70525 72551
60697 67143
481 6287
25475 49556
42020 57421
68376 74258
14328 39365
73737 79430
58644 69701
55742 58027
68047 77415
29716 45022
12204 41742
78838 84733
13400 39423
31144 37528
9342 17100
23700 81949
55878 64315
65858 75723
52047 80119
69469 80375
38705 45700
66117 67498
31372 33791
75577 76569
35153 71678
63448 64421
38973 44809
14906 19782
58505 67342
9166 61605
36788 53514
54877 76770
48285 61197
32256 33737
42286 63627
76517 84565
49711 82095
75196 75301
67416 84422
3137 70917
83059 86218
638 84248
14859 23669
84322 86124
27953 77256
74001 74189
15642 67696
13631 38118
75177 86106
30025 75223
11598 14090
25220 30677
30887 59839
15304 59054
22407 50345
85787 86110
20218 62737
17166 83840
681 45755
29966 75574
30683 51820
72839 80653
53948 74316
80686 80736
30305 61703
68181 83466
56796 77507
53698 78880
7101 26927
60870 71228
78483 84424
64917 75639
81283 82047
74555 80567
37229 71080
30008 67604
1518 24039
61247 63892
12075 68889
15487 75769
77201 82714
76706 82747
69309 79420
24793 64228
34141 60836
53321 81239
25115 33008
75797 80401
52290 55195
47512 60746
84299 85366
8484 79853
1284 23688
78933 80001
68114 84337
78945 83075
27363 71898
15597 56689
70135 79722
66784 74284
80093 83918
76749 83558
6184 47812
13878 45259
19987 58679
13385 73836
45717 84647
52187 78614
43333 48234
77508 84986
47260 60569
59312 66751
37276 76170
77277 78409
81245 84178
60043 77060
49415 59027
50546 78578
49732 67228
11479 38051
21806 52683
20565 68685
84154 85204
18507 33459
37755 56793
39426 75025
5862 75170
24833 68860
25499 67408
45998 85954
69622 78750
52024 55716
2309 43922
5586 82537
67760 74860
37890 75240
84941 85340
52532 85002
84346 84563
68589 70167
4890 44802
48692 69148
42733 65705
55454 68714
13837 37404
8537 35888
79754 85159
36670 82372
61832 80006
43244 45307
38604 45583
79820 80255
13191 13993
76738 79184
48882 74647
46973 53969
68756 79926
58640 79943
56665 71125
22564 64775
66605 73868
17099 28858
62643 83610
10380 40817
46937 64788
60667 85874
22266 78892
38621 43267
29197 45821
84968 86400
39821 79233
6160 86222
67195 82439
85854 86253
50671 73691
11749 43988
10710 59882
76563 77001
64631 81170
16830 63860
20507 33312
11301 48179
82347 82571
21959 23521
254 23011
855 23621
18036 80256
44141 45832
82734 82823
37593 68588
82151 82179
65215 70585
54373 74757
79244 83674
72345 86313
80173 85813
71657 78214
68750 70868
85222 86165
16947 77913
10819 78047
71742 75306
66270 76989
52086 52838
38554 55506
21734 26446
67048 83675
48789 57214
44902 74391
63740 81759
54303 83864
14036 37361
39761 77256
58611 65887
79930 86257
1248 17886
2029 70535
54437 74171
5012 55854
60023 66853
59384 86154
80054 82265
42211 67100
69219 76078
69889 81083
38891 45003
29907 68024
27560 30657
75752 81291
14750 29569
861 73653
1069 49172
18891 51820
5031 26120
74727 79355
45687 65207
22833 51284
30892 34952
38811 53111
41640 72583
81594 85592
56805 83146
76124 78107
41793 75906
73284 85388
8058 31816
15480 35352
48369 72799
11263 14699
30704 74054
31594 59087
45639 46538
84288 85098
14406 25467
82485 85569
1994 59340
60450 84413
918 29226
22642 78759
85653 86306
9057 28795
42121 82722
7864 78574
37318 47891
4155 70226
73519 74386
79190 85307
15838 54365
30842 55160
55600 57112
3776 44465
56703 73016
20097 29693
51798 52663
40727 72263
66598 71991
38508 42337
16993 30813
81774 85340
31960 61023
64863 84521
33993 57721
22102 29979
12742 15390
44526 53191
18268 53146
57375 83796
32538 81014
54127 62526
23377 32504
21072 73661
36350 69946
10259 35509
5502 24037
43704 57768
80247 80328
69832 81487
52726 85046
19768 22565
54908 81043
15109 26353
28948 53872
78603 81343
13554 50508
76521 78846
57249 58674
50404 61319
11109 69481
76156 77934
17300 65071
76275 77291
48711 76466
63044 83653
79403 81837
50650 60695
49599 83320
31317 81154
67116 78566
35564 72997
666 19920
79840 81036
54249 61204
65326 72564
59704 85954
30359 35557
25987 30120
12374 82415
10156 34918
76116 84511
48805 56830
75358 85049
85410 86021
12675 34330
15766 68278
47309 53981
59668 77415
54161 72828
64245 65140
12949 50588
64977 84501
54278 68318
19919 65407
71028 82541
51692 71249
36928 66259
41616 68054
46106 71501
42052 59137
21039 66086
76598 84704
66772 71338
29766 32953
124 30867
69161 78655
80267 80602
53028 75615
67889 71574
82428 84933
32575 49320
59037 64907
31542 37458
15529 23282
2935 41068
6853 21548
81634 85967
12458 33686
18861 83982
45360 77874
52549 66556
33269 69106
81109 82664
56547 84501
82502 85942
65539 80636
29851 62641
82778 84550
14109 56670
33450 82110
65023 84925
41356 82691
2987 33437
24275 51977
83051 84770
43321 66202
18076 82290
41602 71662
41825 63839
9855 77305
44157 70700
43426 60796
8674 8682
63030 65728
73072 76150
79027 80343
1357 75919
54553 64457
39653 60835
24166 35100
50965 83937
56094 71720
68111 86307
30384 59479
78411 79410
25552 67065
67065 80055
32401 79254
16521 51870
79213 84885
36787 71622
60210 68360
3573 70489
1017 38011
31574 80816
81256 81483
20456 23142
46808 63256
23820 35431
53964 81041
76639 79302
69687 73256
21400 74947
51706 80112
81041 83265
29470 74783
39706 71362
31277 82096
35993 62830
40750 86103
809 48981
15918 58369
1208 57268
74610 76190
46202 55774
83737 84116
76443 84824
61486 76558
36954 70637
40121 70618
13308 33957
2532 77719
36741 65282
31383 49151
29276 41261
34574 63725
72504 81671
77712 83077
16471 31808
3849 27935
64920 83015
38587 56948
60867 63840
31527 60372
70608 83866
20848 43634
20734 55812
38839 60878
31329 34581
56485 65654
30376 40142
38964 52192
76349 83856
19172 48324
1423 43212
63432 78351
76970 80837
20248 60464
76081 76248
27251 80568
18748 81805
39582 85665
64362 84276
55273 59117
34937 43141
9712 38441
83868 83952
69322 84267
20328 79429
41071 51475
22474 44791
18195 83755
85068 85354
75949 77823
83019 83886
76027 85601
2294 52876
36086 71314
33940 43397
33519 41463
52431 68834
18580 86377
82291 83274
7767 52687
42963 52251
65696 67909
48996 61082
41114 63901
57466 68752
40769 78294
46847 52756
14811 81750
41019 76294
63107 74186
47554 67924
39341 73594
28001 81994
74562 82853
61842 72368
38987 52924
13547 30862
29573 66036
51118 61381
82913 85947
15447 23380
51143 77774
2169 5206
22615 80490
50744 67311
13382 32440
59269 72105
42538 43944
33361 53236
23501 79049
13549 30671
75455 82530
53551 69097
66672 81664
79832 83481
72657 83856
49012 67353
76223 79781
6002 15131
83819 85587
73107 81335
17330 64061
5970 60604
32177 66914
9923 44004
69072 78174
52971 59347
82338 86091
5884 63286
51188 53844
85543 86099
21909 77561
41004 61001
24332 61691
16839 80299
58844 79397
60663 63070
63017 63036
26196 30306
35638 69857
71398 75144
23856 28284
56359 66663
30430 72374
69831 78151
46328 58525
78953 80787
11236 66957
49809 76161
16826 23792
31066 59774
63959 81783
53033 83778
38785 47497
83852 85071
10351 60904
41851 75030
36275 39113
24786 70729
81787 82231
2155 18129
37342 41373
10405 35457
6779 84129
31905 62672
82266 85987
49527 50349
53178 75038
59335 71783
72330 77713
15286 63198
16710 67299
56835 67478
84705 85944
46495 57889
47692 49739
67034 77820
84326 86085
10733 81603
58948 61848
61615 72620
84771 86342
6054 44994
80489 82902
71552 84792
71966 81561
30168 72068
1162 45817
38095 52696
47089 47895
22612 38864
75768 76845
7063 42716
33808 66556
6455 71359
78128 82222
56699 70284
72553 75512
40709 42351
45451 78896
34009 79530
30705 64397
71535 83622
67875 69996
21149 26149
41715 57326
68557 80562
28403 69019
82033 85409
42250 75501
64707 71044
40427 61716
41090 64984
36630 59334
67357 85358
8848 61444
56471 83935
41231 82485
53355 55832
1980 32606
64804 78575
27312 67693
41413 45989
66852 82979
6897 25145
41710 67643
11042 29450
31664 51472
4423 51327
70085 71075
10799 13837
78385 79148
60105 66660
4204 79541
33529 43752
63207 76220
44793 52119
55791 85396
16609 32681
64437 78748
39220 60170
63532 72596
74651 81930
9280 77065
19173 57399
79222 85578
24311 42757
5802 81699
17538 84590
48341 78018
48355 67173
6396 38904
25253 40669
3753 15398
16445 81025
12397 43047
48077 54945
75238 80979
48731 59111
67862 82085
51268 56415
33696 37655
23407 32729
6161 74080
58503 84879
42653 54689
9157 67364
69922 77740
75789 77474
64123 85926
58800 78620
48404 73623
25418 26397
38744 52491
46698 49237
47240 70496
39175 60958
75954 81504
72406 79327
15519 54210
76127 78956
41005 67682
47230 54278
72266 76174
23008 62476
80788 81387
21068 80453
224 38498
59696 63121
39849 67518
43584 86256
37646 84360
69851 78724
64568 71410
60754 67955
21611 28436
27404 70986
63641 83593
39053 65717
33818 82146
29282 65511
61083 68150
49549 55482
74211 75115
64444 70880
30792 50042
39728 63534
6266 28451
84540 84875
54367 71945
60316 67600
75671 77171
57188 60482
32082 74762
56295 70790
76767 82123
42018 71906
76188 77276
62940 64357
35330 51058
76163 79953
75351 78820
72558 76825
44148 69340
36628 83518
62071 68227
77542 84882
38959 76244
35345 64686
69489 80543
62218 68029
40649 51982
32376 38429
85696 85803
6100 83666
57427 84358
26298 79970
10402 25700
59126 81019
85434 86339
35406 82061
6197 8859
44679 73870
61342 79213
53516 85149
18078 49335
12496 19154
52395 73173
10670 73054
73603 74201
70613 85804
15170 49960
74468 77504
67149 68531
14063 64326
18298 80072
51924 53819
35001 69136
21153 81449
30917 83437
70622 82183
27147 40978
42382 57254
34186 77851
62805 68164
62292 64085
40356 49778
7560 78516
49331 73254
31504 50530
26897 27721
77670 84765
51828 65554
8414 16567
18536 21616
66171 83487
36941 75952
74375 75280
43901 67257
55860 84797
74337 75453
62882 74178
940 73441
30304 45511
69610 73866
38445 85461
3296 27047
50570 72352
48765 68871
53067 69771
78146 86368
79994 86132
351 8844
15031 34933
12625 84944
74305 77517
55118 62664
45815 61299
66881 75767
12331 61258
59157 68891
24401 43867
13323 13776
40777 42454
5129 29574
31283 45732
77375 79265
63206 68053
53375 64247
13244 19490
16425 36153
77390 81749
39506 44683
29738 40888
17315 61208
12648 36498
53152 83726
79439 82981
70708 83217
42627 54757
85382 86400
15062 41815
36798 43302
3017 20148
38420 52648
14093 68381
77851 82206
4967 47674
70921 79989
39604 72005
32363 36400
38895 78324
54376 77533
3576 66403
47025 69539
51310 55194
83178 85633
51099 73606
74645 76448
46692 48015
66839 79379
50257 83743
10834 75459
42721 61944
75350 83069
44254 53210
4432 12930
7521 55513
6856 85225
22228 41023
10227 67249
3976 26252
61545 85979
23392 84062
67333 74063
45756 49477
70462 80265
16984 41054
46533 52372
55632 86225
79653 84477
44193 83555
9645 52168
61565 75873
24184 57720
37780 73219
39041 57122
57635 68574
19900 32014
77437 83311
68617 72699
1541 17782
60306 81362
80314 83497
84417 84509
25597 37218
21308 48716
59101 85377
20940 58656
46271 56809
63120 65869
43832 61595
83255 86294
59965 71108
65358 79633
50178 84011
23364 57699
18519 62334
64104 65695
54626 70362
35161 65135
26070 40375
56781 80489
48597 80592
27637 45797
61190 70688
53269 77578
59032 73395
57149 85730
74875 79191
44531 50817
66654 80627
81633 83645
50387 72801
2837 24530
6397 9218
18980 39417
48675 72547
40137 60025
83023 84912
43990 52075
54051 84838
72882 74516
1855 13617
16436 77622
48023 85128
73174 75656
85872 86192
2137 47847
61619 81523
14134 31394
55282 56327
12378 44980
41150 53780
21485 74177
30987 37567
2602 76605
67247 77653
8083 16200
79078 80856
74217 74532
37051 52150
34991 67347
18625 34290
25293 68457
56897 74870
54400 66870
30626 65591
19634 84615
41873 58733
85383 85465
65223 79697
23737 64518
63298 74887
73139 86005
25281 80417
72890 79886
18188 69224
74554 77801
85371 86207
53890 80746
80684 81441
46797 81233
633 19916
27644 38784
3429 17968
50362 74076
44938 53388
14677 66969
56447 69524
81348 83702
75961 86365
30541 67174
15598 50124
81377 86311
26016 54853
62823 71145
8725 30709
25896 28825
43678 85518
73723 82971
1290 41274
19523 83012
31622 55980
63676 64870
36219 76133
52301 56965
57416 79900
26431 82709
62578 85702
60068 68245
47556 61108
43872 56993
12931 37834
53455 77407
64230 77495
22787 69741
67935 81247
3590 25697
78646 86297
24232 28451
85703 86337
74121 76965
9089 48141
67468 70539
22309 45382
84605 85753
14951 43200
4435 54008
30164 40753
56289 59180
4465 11189
49372 76967
68378 80861
3788 45177
8290 50381
54754 76354
66756 86330
33942 73947
18821 74977
70540 72706
49845 71607
13346 86276
1492 71511
83885 84050
7256 85034
18202 34597
33933 53893
897 61353
41990 84005
33021 59281
67431 67478
43206 51505
60257 76213
77765 81340
77233 83900
35033 46836
31140 70922
15892 32831
75779 77889
39999 43466
33844 44724
35774 68987
12243 19293
78513 81917
35964 55985
5618 85164
42063 50061
27773 50160
64578 70575
69188 84749
689 55424
653 1402
79599 82816
7338 8938
40413 56483
70321 79753
54463 75409
13934 23343
39487 62065
67160 79213
35230 41516
46607 72278
2351 79181
75852 79071
38320 79653
53482 67517
32937 59963
75069 86290
84861 85978
36422 54590
50557 59605
40335 71293
14838 46973
23818 50488
23515 32998
51473 64322
48071 68058
36901 45105
73220 79471
81777 85302
24917 54663
16112 21208
35589 81679
4057 6660
78306 80040
80645 81473
15988 44299
13029 64874
50355 82156
24344 66922
48382 59521
57089 83062
61097 64930
33897 44553
26064 85968
3585 69596
56840 65558
70614 74554
47365 74892
17387 56500
35976 78893
13194 47166
73588 83754
60077 64572
74466 84410
28172 33995
78304 79301
85897 86033
70538 74140
64576 74016
51847 55240
1018 60954
83648 84321
36561 71257
42863 52678
32395 72380
5675 76787
3523 74423
54173 59818
80053 84963
60416 82405
21385 40048
35122 76168
44322 70706
30186 69229
39827 79711
25342 42874
67960 69644
13146 54892
20432 27954
15236 39080
84461 86308
39882 79381
62577 85737
1649 57155
57038 76255
68109 68659
73590 85137
13829 85258
1682 61191
4631 62908
287 4888
62797 78446
47750 71858
20743 44859
65957 84798
20068 35671
16978 61843
9735 25300
48956 56098
31338 71345
15569 30243
54225 54470
75255 76682
16446 39245
16689 32506
37524 83574
62342 78910
42038 82126
45876 85663
69563 81227
8417 33622
76900 80836
4038 77727
16560 49185
21868 66016
18924 22527
39076 67655
60539 76360
14669 39125
71190 83607
7335 77453
62443 80961
28330 79151
30669 63744
69169 81932
49824 76744
29909 72202
38505 45694
51439 63773
6419 8591
20500 73308
2541 10917
58619 84521
16396 64958
20672 24733
47767 70361
38383 68876
7577 40461
37429 41109
1709 13716
29212 54430
64737 73200
208 19790
75881 76476
17614 38742
49617 60962
44131 75033
68882 72227
47593 67905
32417 47709
64601 71799
31128 80024
83946 85340
41656 86345
61668 76822
61803 79250
28620 58791
6598 78841
81890 85182
8175 48444
31759 67637
4041 7780
82838 85340
60135 66690
10075 57177
61242 68858
80559 80967
12734 34614
39039 58401
20828 58326
84266 84604
36512 79556
21672 47119
31351 39087
76246 83111
70064 73437
79871 83341
75994 82700
56601 73192
43724 55031
36481 82751
20494 47963
65665 65831
6315 80339
39954 75207
5709 74248
19848 85333
15244 70436
66005 67831
18096 43954
36339 70751
4625 56555
72743 79477
1684 79088
31758 57665
20416 49400
71528 82285
42914 81885
64385 84224
37937 73821
67612 75485
70286 84426
12883 56426
47174 69155
18046 68095
16996 38629
38640 80824
62702 69499
66780 84048
20731 71645
29876 71634
15306 65400
26458 28887
80733 86090
59977 82787
59951 83360
12025 76744
21688 69883
14866 31969
78596 80069
50759 83132
59871 75004
54524 80694
11546 65093
75532 77805
17687 75679
60320 73056
75201 85791
23745 31849
4004 36143
16276 63963
16117 68710
15804 76402
79167 83689
60223 66743
58638 74930
40975 72178
26224 52730
45853 60764
48499 66267
77770 80295
32026 37970
58697 79962
5131 74524
20738 71503
38873 49236
34879 79912
36272 66920
57629 85737
49379 69601
70833 75056
30637 83049
77182 81769
14976 83777
82505 85694
719 57320
60657 78124
33749 40786
9583 43330
50755 61534
9473 21253
37327 78331
58022 78223
74134 77967
74566 80653
62381 77089
55417 62782
37088 74194
62826 73014
67975 78964
13348 68270
57305 76899
68946 82380
36154 50807
33039 54434
28503 66432
12137 58122
43655 68185
36598 61082
23671 51035
8029 66183
22530 37732
83762 85273
61882 74154
34919 74786
75603 79218
20741 63018
9355 11860
57718 74604
30171 84224
10279 67340
42601 61966
70168 85094
47980 57577
67039 83617
15038 25794
36753 79748
34500 46126
82847 84817
28745 46066
63396 80930
42581 60312
13190 39372
42621 52718
66540 82064
71024 81967
7108 77566
46397 64716
77998 85901
27214 28204
47485 78958
56045 60784
53400 86169
55026 67285
28319 30812
21146 25101
66107 81170
53018 81861
54611 54806
82823 84170
1732 10841
50494 56592
73111 75609
55134 67985
4956 51921
51450 81691
51747 60025
75275 77132
31349 49615
30839 76252
72931 81928
38361 40971
26873 69106
47493 48658
77526 79799
18121 54439
15114 47497
43104 79114
26813 54839
23830 34727
77577 79057
62632 73898
63280 66753
16077 20585
54360 57338
17771 24872
68328 75100
51432 58630
60131 81054
68684 76794
74887 84124
75801 81026
41675 60994
78082 78730
44783 58633
39416 55508
51865 67235
67605 79395
31120 85750
9307 51281
13161 35766
52860 69268
65144 68573
76674 78985
53176 64795
27611 42700
20728 24044
32098 85846
21439 23315
77184 85118
5892 65726
78257 83525
61059 62810
69595 86158
6708 62867
23119 37898
51489 75308
43598 63346
13130 44653
1125 62230
85358 85487
59513 82493
80584 83059
2404 20582
5924 83681
84451 85140
13013 72427
53687 79318
20116 54617
35124 57724
82804 84374
48916 64689
61307 85267
23425 39607
52266 83499
66379 72131
6850 11237
28424 62737
55395 79092
61227 73082
72874 79505
46204 66672
7053 84697
59884 78505
76259 82387
50228 76759
23941 63258
40673 64982
27119 69805
48497 82178
43253 48496
50339 85669
11655 21015
54772 58901
7526 66644
10344 18037
38460 56749
77398 83238
11913 30390
61329 64427
66248 83517
85579 85700
58512 66472
13933 64480
6016 55905
29895 76182
81309 82495
30337 53953
67423 68812
11054 61192
76545 79746
69050 77940
13359 67911
35703 70787
79890 86213
80483 82520
59803 60116
2346 62598
43026 46300
20707 44286
30389 72699
58067 59011
10392 75281
8403 63881
50221 77692
72382 83701
23021 31948
37028 59715
75539 79725
14604 24236
82357 84539
82310 83359
49487 68786
69947 77012
24886 75245
57157 68590
69798 70790
39064 74167
76909 79932
47663 54197
44073 69963
73621 75033
9415 12268
3780 37746
12258 31731
49734 54239
2615 37511
2445 14486
12225 75339
195 31627
5687 45617
29706 76260
82207 82625
15876 75009
5695 31862
78693 83484
48663 61248
13648 32566
14340 47599
42322 73887
146 66795
81682 83699
31053 34434
75601 83993
62625 70666
51589 58195
39147 85898
33730 58029
4882 81668
837 34027
55420 64350
71307 81816
79594 85940
21137 72323
53351 76717
41154 61901
11120 30889
49334 50019
34553 77814
73138 80655
83754 86222
19993 54012
25564 31752
51597 77059
20280 22256
3864 62096
37777 80811
54921 70268
12422 28639
83931 85099
46686 59145
81770 83916
20593 54602
33071 64744
75274 81861
78357 84372
41390 86285
26124 62716
52396 69743
4981 48471
49649 77141
39145 67733
27489 72066
12183 82536
66725 77183
40532 48496
21762 70102
12635 55038
8900 65054
31006 82276
22455 50766
56615 81226
48969 53498
8218 32866
53710 84690
74583 83929
84117 85825
46180 66188
13761 51066
26921 35324
77948 78817
41309 81128
3430 41537
38870 81361
37037 42601
85115 86363
19112 63407
28891 51930
73538 76337
53594 80339
26717 74711
51984 55178
81015 84710
75887 85552
18282 54553
16866 54417
46188 63066
75719 80280
21324 62324
82322 85409
67927 86365
30513 45267
48249 52782
83361 85596
54003 55468
24669 38927
59316 73197
14136 44044
26337 65175
5130 15813
19130 40402
75657 84583
58420 59502
6650 37300
74910 77781
21094 77716
38317 49018
41344 67508
67007 79679
1306 13530
82670 83982
55540 78716
25473 40678
50447 75443
60076 78688
42207 60526
48774 84023
38538 47637
24326 40350
6276 8270
55865 80763
3750 62890
24206 50316
658 40801
57897 66969
26834 70842
74373 85665
76479 77227
40951 44295
21616 27223
6681 45429
68190 77755
60502 84495
11334 47689
7363 46313
71064 74133
16247 44421
13016 75024
2230 10776
39617 64956
47801 83562
55601 82970
71825 83944
8601 19849
82409 82989
17125 37773
83247 84369
71600 72987
28004 44773
56320 76783
78656 80669
49878 81612
5935 42347
75271 79638
77782 79930
35362 77878
46646 47838
7659 27364
52580 84864
59288 76895
34381 62290
50019 70160
36165 73853
39778 45061
13771 53301
68637 82033
49696 56367
75102 78218
15218 53063
39771 67202
26332 68803
65785 78331
50443 59570
50497 78124
73730 76995
80755 86025
45814 71402
65933 70968
72876 76347
26295 55868
58578 60332
24606 79804
55638 78310
85020 85098
16887 75320
63310 79648
39741 70032
69172 78841
82803 85683
83567 85497
23893 66398
2007 77031
55978 59596
50733 71453
8099 79154
70044 80296
8599 33511
40743 77284
8078 57991
11423 32740
20145 51137
24376 75302
43595 59536
30055 49017
45515 72329
52534 79698
47204 51093
33660 57475
7621 74050
69284 75235
54015 78595
82635 83777
48982 60418
4490 29694
29606 41104
21126 76644
7102 12342
83752 84678
82941 85279
42325 60111
68821 84928
60691 71807
52876 54158
67963 83073
63382 67346
68735 85095
85189 85300
84554 84563
10640 46279
31833 57131
20005 35709
8105 66919
75612 84844
2628 8578
19290 70384
55477 65979
12879 16399
64645 83935
20729 40257
15387 36954
11757 56146
18687 43871
75634 84190
38684 50298
78419 84813
81410 84798
14250 39106
43115 85087
72773 78055
23733 37832
38569 47906
31692 40129
13706 68682
13413 58592
39951 58199
6840 15209
51936 60193
40759 85845
39845 52339
75096 83682
25307 51953
29235 37440
19287 79194
45691 56766
57542 81932
62672 70937
26231 51363
74262 82128
17830 77178
76671 85570
20557 44092
34634 44601
34751 64372
79354 81561
56708 57955
70048 70357
27789 68233
53681 78765
12850 47213
81971 84947
43864 59097
47885 57188
3462 4133
18667 40058
812 35750
67758 68515
21790 79953
70636 81554
44349 53833
1758 18129
43105 43924
64442 84365
73195 81473
39223 48319
25880 78090
66636 77319
33635 81916
5295 7647
34914 41246
30213 43841
29376 79690
68943 75350
85094 85131
63301 69556
446 6355
19989 53315
23370 37103
75319 80140
33789 59975
43173 47700
45383 86062
39230 42928
26527 56962
27978 39610
11099 37834
14150 19342
47497 60015
29617 51051
74737 83396
82138 85440
11911 80165
1897 80113
81442 84173
32569 45247
2247 66999
19565 83947
74792 79307
15591 63599
84959 86007
29618 59011
22013 49861
45874 63884
62547 76419
70269 78491
59189 83921
5644 75719
71889 76510
44781 76101
72827 80107
478 23489
18858 23890
80670 85642
10108 29163
52116 69446
59234 68636
11410 73883
41030 49763
77117 79104
