3000 3000
403
407
408
410
409
407
409
407
410
413
417
419
418
419
422
425
425
423
426
429
428
430
432
436
437
438
437
439
441
445
443
441
442
446
445
445
443
444
448
450
452
453
452
453
451
455
454
453
451
449
453
455
455
457
456
458
456
455
457
460
460
464
467
468
470
474
472
474
474
476
478
478
480
479
481
481
480
482
486
489
491
493
492
491
492
490
493
493
497
496
495
497
497
498
498
496
497
499
502
506
507
511
512
513
517
516
516
518
517
516
516
520
521
519
517
517
519
521
519
523
521
524
524
523
524
528
531
530
531
530
528
529
533
533
534
536
535
537
536
534
537
536
534
532
531
531
530
533
531
535
534
532
533
535
533
534
534
532
531
531
530
530
529
531
535
539
538
540
542
546
544
542
541
545
545
547
547
550
550
552
550
553
553
554
555
557
558
561
560
563
567
565
564
567
570
574
578
576
578
581
583
587
587
589
593
592
590
593
594
593
597
601
600
601
602
600
599
603
602
601
604
607
605
603
604
602
605
609
611
612
615
618
621
621
623
625
623
623
626
624
625
629
630
630
630
630
628
629
627
625
628
629
628
632
634
633
633
635
634
635
633
633
637
639
642
646
650
649
652
655
659
660
659
660
662
660
659
660
659
659
657
657
655
658
658
660
663
663
661
665
668
666
665
664
662
663
664
662
665
667
668
670
668
669
667
665
669
667
668
672
675
678
679
683
686
688
690
693
697
701
701
700
698
698
696
700
704
704
706
705
706
706
709
709
711
710
714
716
718
718
720
719
722
721
725
728
727
730
731
732
735
735
733
735
738
742
746
744
748
748
750
752
750
748
751
749
753
757
760
762
764
766
768
769
767
771
771
770
770
770
769
768
770
773
777
779
779
780
781
785
786
786
787
791
790
789
790
790
791
793
797
799
800
803
803
807
805
807
810
814
817
816
815
814
815
813
813
815
815
816
819
818
822
824
827
831
833
836
834
836
837
837
835
835
838
837
836
836
840
841
841
841
841
842
842
843
841
840
839
839
839
840
843
844
843
842
844
848
851
853
855
857
861
859
859
862
866
864
866
864
866
865
866
868
872
875
874
874
876
880
880
883
884
883
886
888
890
891
889
887
889
891
891
895
895
895
895
899
899
899
897
898
896
900
904
902
902
903
903
907
910
912
912
916
915
919
918
922
921
920
918
919
920
923
921
921
925
927
928
932
930
929
927
926
929
928
926
929
928
926
929
930
932
934
936
940
944
946
949
949
947
946
950
949
953
955
955
959
959
959
961
962
965
966
965
965
968
966
967
966
964
968
969
971
975
977
979
981
980
982
984
985
986
986
989
991
993
996
994
992
992
994
997
1001
999
1001
1003
1006
1010
1008
1010
1011
1012
1012
1010
1010
1011
1011
1015
1014
1014
1013
1015
1015
1013
1014
1015
1019
1022
1020
1018
1016
1017
1019
1017
1020
1024
1028
1029
1029
1027
1028
1029
1028
1029
1028
1032
1030
1034
1036
1036
1035
1035
1039
1037
1035
1033
1033
1035
1035
1033
1031
1032
1032
1035
1035
1036
1039
1037
1037
1036
1037
1040
1040
1043
1041
1045
1043
1041
1041
1041
1040
1039
1038
1042
1044
1046
1048
1048
1052
1051
1050
1054
1054
1055
1053
1056
1056
1054
1052
1052
1054
1053
1053
1054
1058
1056
1057
1056
1057
1055
1055
1057
1055
1055
1059
1062
1061
1060
1062
1061
1065
1066
1070
1068
1068
1066
1070
1068
1066
1065
1066
1070
1074
1075
1077
1076
1080
1082
1085
1084
1085
1083
1083
1082
1080
1081
1079
1081
1081
1081
1084
1083
1081
1080
1083
1083
1087
1088
1089
1092
1090
1089
1090
1090
1092
1090
1090
1092
1093
1091
1089
1089
1089
1093
1093
1097
1098
1099
1100
1099
1098
1102
1103
1105
1107
1107
1107
1106
1104
1103
1106
1104
1104
1107
1105
1103
1102
1102
1103
1102
1100
1104
1108
1112
1113
1113
1115
1113
1114
1117
1119
1117
1117
1116
1118
1122
1124
1126
1127
1125
1124
1126
1130
1129
1132
1130
1134
1138
1142
1143
1142
1145
1149
1153
1152
1154
1156
1154
1157
1160
1163
1162
1160
1158
1162
1160
1164
1164
1168
1167
1171
1175
1179
1180
1179
1178
1176
1174
1176
1180
1184
1186
1190
1194
1196
1200
1202
1202
1206
1209
1207
1205
1209
1209
1208
1206
1208
1212
1210
1212
1215
1216
1216
1220
1221
1223
1221
1223
1223
1224
1226
1230
1232
1230
1231
1231
1229
1231
1235
1236
1240
1241
1243
1242
1246
1248
1246
1250
1253
1252
1254
1254
1253
1254
1255
1257
1259
1261
1265
1263
1265
1264
1267
1267
1267
1267
1265
1266
1266
1268
1270
1273
1276
1276
1279
1281
1280
1283
1281
1282
1283
1285
1289
1291
1289
1289
1289
1290
1291
1292
1293
1292
1290
1289
1287
1285
1284
1285
1288
1288
1287
1287
1288
1286
1285
1284
1284
1286
1284
1287
1285
1286
1285
1285
1288
1289
1287
1289
1287
1290
1289
1290
1292
1294
1296
1300
1301
1303
1301
1299
1300
1304
1304
1307
1309
1307
1306
1309
1307
1307
1305
1307
1311
1313
1311
1315
1319
1318
1320
1320
1318
1320
1321
1319
1317
1321
1320
1323
1324
1322
1320
1321
1323
1321
1322
1321
1319
1323
1323
1325
1327
1326
1327
1329
1329
1329
1329
1328
1330
1329
1330
1331
1332
1330
1333
1332
1330
1332
1332
1330
1329
1332
1335
1334
1334
1332
1334
1335
1337
1340
1342
1346
1344
1347
1348
1350
1352
1354
1355
1353
1355
1356
1356
1358
1359
1360
1361
1365
1366
1366
1366
1368
1367
1365
1368
1372
1370
1374
1373
1376
1380
1383
1382
1383
1385
1389
1391
1395
1395
1393
1396
1397
1401
1404
1403
1404
1405
1409
1407
1406
1408
1407
1410
1414
1417
1420
1422
1424
1426
1427
1429
1433
1431
1429
1430
1429
1431
1430
1432
1436
1439
1442
1441
1442
1443
1443
1444
1445
1446
1449
1453
1456
1457
1455
1455
1458
1457
1460
1462
1460
1464
1465
1463
1465
1469
1468
1471
1470
1474
1477
1480
1480
1482
1480
1483
1482
1480
1480
1478
1482
1484
1486
1490
1494
1497
1498
1502
1505
1505
1505
1507
1508
1512
1512
1512
1516
1520
1524
1523
1523
1525
1524
1523
1524
1527
1531
1529
1528
1527
1529
1527
1526
1525
1527
1529
1530
1534
1537
1540
1539
1542
1544
1548
1552
1554
1552
1552
1553
1552
1551
1550
1551
1553
1556
1555
1554
1554
1554
1552
1556
1560
1562
1565
1563
1562
1563
1567
1566
1568
1566
1567
1568
1566
1564
1567
1566
1570
1570
1569
1570
1571
1570
1573
1572
1576
1580
1578
1581
1582
1582
1586
1586
1587
1587
1587
1587
1590
1594
1593
1593
1596
1598
1596
1596
1597
1601
1601
1604
1608
1611
1614
1618
1618
1622
1626
1629
1627
1625
1626
1625
1629
1629
1628
1632
1635
1633
1633
1635
1633
1637
1639
1642
1646
1644
1642
1645
1643
1642
1644
1642
1643
1645
1649
1653
1657
1658
1660
1661
1659
1660
1658
1656
1655
1659
1658
1657
1660
1661
1662
1664
1668
1672
1676
1679
1679
1679
1680
1681
1680
1681
1683
1687
1690
1690
1694
1696
1695
1694
1694
1696
1699
1700
1698
1701
1701
1704
1706
1707
1708
1712
1714
1714
1713
1715
1719
1722
1726
1730
1731
1732
1735
1739
1740
1741
1743
1747
1745
1746
1748
1750
1754
1754
1752
1752
1755
1753
1756
1754
1755
1757
1755
1755
1754
1754
1756
1757
1757
1756
1757
1757
1761
1763
1765
1763
1762
1761
1765
1763
1763
1764
1767
1769
1772
1774
1777
1779
1779
1777
1778
1782
1782
1781
1783
1781
1781
1783
1782
1786
1788
1789
1791
1791
1790
1788
1792
1794
1798
1796
1795
1794
1796
1794
1797
1800
1803
1805
1806
1809
1807
1806
1809
1810
1809
1813
1812
1813
1815
1819
1823
1823
1821
1820
1819
1819
1817
1816
1817
1816
1814
1812
1812
1811
1815
1816
1818
1817
1815
1814
1813
1812
1812
1811
1812
1813
1814
1812
1814
1812
1811
1810
1809
1808
1810
1811
1810
1812
1813
1814
1815
1815
1817
1818
1817
1819
1821
1824
1824
1825
1825
1825
1826
1827
1826
1824
1826
1824
1825
1824
1827
1827
1828
1829
1831
1834
1832
1834
1837
1840
1839
1842
1841
1841
1841
1840
1839
1839
1837
1841
1842
1843
1842
1840
1843
1841
1839
1838
1838
1839
1839
1837
1839
1839
1837
1840
1841
1844
1842
1841
1842
1841
1843
1844
1845
1849
1847
1845
1846
1850
1852
1850
1852
1852
1850
1854
1852
1853
1852
1852
1851
1854
1853
1855
1855
1853
1857
1858
1858
1857
1856
1854
1858
1856
1859
1859
1863
1861
1864
1863
1863
1863
1867
1869
1868
1868
1871
1872
1870
1868
1869
1873
1873
1875
1873
1875
1879
1877
1875
1876
1875
1877
1876
1877
1880
1879
1881
1882
1881
1881
1880
1884
1885
1886
1886
1885
1883
1886
1890
1888
1889
1891
1895
1897
1899
1899
1902
1901
1901
1900
1904
1906
1904
1904
1902
1902
1902
1905
1908
1909
1909
1911
1913
1913
1917
1918
1920
1919
1918
1920
1919
1919
1919
1921
1922
1925
1923
1922
1925
1924
1924
1923
1922
1926
1928
1926
1925
1928
1930
1934
1937
1937
1941
1942
1946
1947
1947
1947
1949
1947
1949
1953
1951
1952
1955
1954
1957
1961
1960
1963
1965
1968
1971
1969
1972
1974
1975
1977
1976
1980
1978
1976
1976
1979
1983
1983
1983
1984
1987
1988
1991
1991
1993
1991
1991
1992
1995
1993
1996
2000
2004
2003
2001
2003
2001
2005
2006
2008
2007
2005
2006
2009
2011
2014
2017
2021
2023
2021
2024
2027
2030
2032
2032
2033
2036
2037
2037
2039
2038
2042
2043
2044
2048
2052
2053
2051
2055
2059
2059
2057
2058
2059
2060
2061
2063
2065
2067
2066
2070
2072
2070
2072
2071
2070
2073
2072
2076
2080
2080
2078
2077
2080
2082
2082
2086
2086
2087
2087
2091
2090
2088
2088
2088
2087
2087
2087
2089
2088
2091
2089
2092
2092
2092
2095
2093
2096
2098
2099
2101
2103
2107
2105
2109
2113
2114
2112
2113
2115
2115
2119
2121
2125
2128
2127
2130
2133
2136
2134
2136
2135
2135
2139
2142
2140
2141
2145
2148
2150
2154
2153
2154
2153
2155
2158
2159
2160
2163
2164
2164
2166
2168
2169
2173
2172
2173
2172
2172
2175
2173
2176
2179
2179
2179
2177
2177
2176
2175
2179
2181
2179
2181
2180
2183
2182
2181
2180
2181
2180
2181
2185
2186
2187
2190
2191
2190
2192
2192
2191
2192
2194
2195
2198
2202
2202
2203
2203
2201
2199
2198
2201
2202
2201
2202
2200
2201
2201
2204
2205
2206
2204
2208
2209
2212
2213
2217
2216
2215
2213
2217
2216
2216
2218
2217
2221
2224
2223
2221
2220
2220
2220
2223
2226
2226
2228
2229
2229
2227
2228
2226
2227
2228
2227
2225
2224
2222
2224
2225
2224
2223
2222
2226
2227
2228
2229
2230
2233
2233
2231
2233
2235
2236
2239
2240
2243
2243
2246
2250
2253
2256
2256
2257
2260
2259
2260
2259
2258
2260
2262
2262
2263
2266
2269
2269
2270
2270
2272
2276
2277
2280
2284
2282
2282
2285
2286
2287
2290
2293
2295
2294
2296
2294
2296
2299
2302
2306
2309
2311
2314
2316
2316
2315
2316
2318
2318
2321
2323
2324
2323
2324
2323
2325
2323
2323
2322
2321
2319
2319
2318
2319
2318
2316
2315
2315
2317
2318
2317
2320
2318
2322
2320
2321
2322
2320
2323
2327
2330
2331
2335
2339
2339
2341
2345
2344
2343
2341
2339
2338
2342
2340
2338
2337
2339
2339
2340
2340
2342
2341
2344
2345
2344
2343
2343
2341
2343
2341
2339
2339
2340
2343
2347
2348
2350
2351
2351
2353
2356
2355
2356
2356
2359
2358
2356
2354
2358
2358
2362
2364
2367
2365
2367
2371
2373
2373
2377
2380
2384
2384
2385
2385
2383
2384
2384
2383
2384
2383
2382
2380
2381
2382
2385
2386
2386
2387
2385
2386
2388
2391
2389
2392
2393
2397
2395
2399
2403
2401
2400
2402
2403
2401
2399
2397
2400
2402
2404
2402
2401
2404
2404
2406
2410
2410
2414
2417
2415
2413
2414
2418
2421
2420
2419
2420
2418
2421
2425
2429
2431
2430
2430
2432
2432
2435
2439
2439
2438
2440
2443
2441
2442
2446
2446
2446
2444
2444
2446
2447
2448
2452
2456
2454
2453
2454
2457
2458
2457
2460
2462
2460
2461
2465
2467
2467
2471
2469
2469
2473
2477
2481
2484
2483
2484
2485
2489
2493
2491
2490
2494
2496
2500
2500
2503
2503
2506
2509
2507
2511
2510
2513
2515
2514
2517
2516
2518
2521
2523
2522
2524
2528
2530
2530
2530
2530
2528
2532
2532
2533
2531
2529
2527
2529
2530
2534
2538
2542
2540
2542
2540
2541
2539
2538
2540
2544
2542
2542
2545
2543
2544
2548
2551
2553
2554
2553
2553
2553
2556
2558
2562
2562
2561
2565
2564
2562
2561
2563
2564
2568
2566
2564
2564
2564
2566
2564
2562
2565
2568
2566
2567
2568
2572
2571
2570
2569
2572
2570
2568
2567
2569
2573
2573
2577
2575
2575
2574
2574
2575
2579
2579
2579
2580
2579
2581
2581
2580
2583
2584
2587
2589
2587
2590
2589
2592
2592
2593
2592
2596
2594
2594
2592
2590
2589
2587
2589
2588
2589
2588
2586
2584
2582
2582
2581
2581
2583
2586
2587
2591
2591
2590
2589
2588
2592
2596
2596
2596
2597
2600
2598
2597
2596
2595
2597
2601
2603
2602
2600
2598
2596
2597
2598
2599
2598
2600
2604
2602
2606
2606
2605
2605
2609
2613
2613
2615
2619
2621
2622
2626
2630
2632
2633
2637
2635
2638
2640
2641
2641
2645
2644
2645
2643
2641
2644
2647
2650
2649
2648
2647
2647
2646
2644
2647
2650
2653
2657
2655
2655
2656
2659
2662
2664
2666
2667
2669
2672
2676
2676
2674
2676
2680
2678
2679
2682
2680
2679
2683
2681
2684
2687
2690
2689
2688
2691
2689
2687
2691
2694
2697
2696
2696
2699
2699
2697
2699
2700
2699
2700
2701
2705
2704
2706
2708
2707
2708
2709
2707
2706
2706
2707
2705
2705
2707
2707
2710
2714
2713
2714
2718
2720
2720
2719
2720
2721
2722
2723
2722
2721
2721
2719
2717
2716
2717
2720
2718
2717
2717
2720
2718
2720
2723
2727
2728
2731
2733
2731
2729
2732
2731
2729
2728
2732
2730
2729
2731
2729
2732
2736
2737
2736
2736
2739
2743
2745
2744
2745
2748
2752
2755
2755
2758
2756
2758
2762
2766
2766
2768
2768
2769
2767
2768
2770
2773
2777
2778
2782
2781
2785
2789
2793
2795
2799
2802
2804
2807
2805
2808
2806
2807
2810
2814
2814
2812
2816
2814
2813
2812
2813
2811
2815
2813
2814
2814
2818
2817
2816
2817
2819
2821
2821
2820
2819
2820
2818
2822
2824
2827
2825
2826
2827
2825
2828
2827
2825
2824
2823
2821
2819
2821
2822
2824
2826
2829
2827
2825
2823
2822
2825
2825
2828
2829
2830
2833
2833
2834
2835
2836
2835
2835
2835
2836
2834
2833
2832
2831
2831
2829
2833
2832
2831
2834
2832
2830
2829
2833
2834
2835
2835
2836
2840
2843
2841
2839
2842
2845
2849
2853
2853
2853
2855
2855
2854
2858
2857
2859
2863
2863
2863
2861
2863
2863
2862
2860
2860
2864
2865
2868
2872
2870
2871
2875
2875
2878
2876
2876
2879
2879
2883
2886
2885
2889
2890
2891
2890
2889
2889
2889
2892
2890
2893
2895
2898
2901
2904
2906
2905
2909
2911
2913
2911
2910
2909
2909
2913
2911
2910
2913
2913
2917
2917
2920
2921
2924
2925
2925
2929
2933
2932
2935
2936
2936
2938
2941
2945
2943
2946
2949
2949
2950
2951
2953
2956
2957
2961
2964
2962
2961
2961
2959
2961
2959
2958
2956
2959
2962
2960
2958
2960
2958
2957
2960
2962
2960
2960
2961
2965
2965
2963
2965
2969
2968
2970
2973
2975
2979
2981
2980
2982
2985
2984
2983
2984
2987
2989
2993
2995
2999
2999
2997
2999
2998
2999
3001
3000
3000
3003
3004
3007
3006
3009
3009
3008
3008
3007
3008
3010
3013
3013
3013
3013
3016
3016
3017
3020
3024
3027
3027
3031
3033
3033
3036
3040
3042
3045
3047
3048
3046
3046
3049
3050
3048
3049
3052
3056
3054
3054
3055
3055
3054
3057
3060
3062
3061
3065
3069
3070
3068
3066
3070
3073
3077
3080
3082
3080
3078
3079
3081
3085
3084
3085
3087
3086
3087
3089
3092
3091
3095
3094
3096
3099
3101
3102
3100
3103
3104
3102
3106
3104
3104
3102
3106
3106
3108
3108
3109
3109
3110
3111
3113
3112
3110
3113
3115
3113
3112
3110
3112
3111
3112
3114
3117
3116
3119
3123
3127
3128
3132
3134
3138
3140
3144
3146
3144
3148
3152
3156
3156
3157
3156
3158
3161
3162
3163
3162
3164
3164
3162
3163
3161
3165
3164
3168
3171
3172
3170
3174
3178
3180
3178
3181
3180
3178
3178
3180
3184
3183
3181
3181
3179
3179
3182
3184
3185
3187
3189
3193
3195
3198
3196
3199
3201
3200
3200
3204
3207
3208
3212
3213
3216
3218
3217
3216
3214
3212
3216
3218
3222
3222
3224
3224
3228
3230
3231
3233
3237
3235
3239
3242
3243
3244
3246
3244
3242
3240
3238
3238
