100
3592 3342
501 9609
7556 2633
2195 2823
3768 338
8605 8826
533 3772
33 6779
1920 5582
9281 5014
8189 893
3450 1471
3971 7263
9100 3465
2359 2679
5461 1738
5305 3394
4860 9259
8434 6160
1509 83
518 1988
2245 9171
2097 4165
6123 6599
1600 2008
2635 5629
7026 1472
7249 8896
4151 5031
1172 810
3722 460
1267 7717
9615 7407
233 3900
9140 8101
1172 686
6460 1670
1975 2843
1201 834
8079 3445
6200 4390
8758 8905
7477 2697
2446 6155
8994 1859
1667 8830
2014 9164
8701 8722
4889 2700
600 790
7867 6769
5570 1016
5772 2845
3541 6276
9541 4709
3994 7007
9003 8494
5513 9341
9079 8188
7565 3212
5349 3952
3012 8347
5509 1856
6947 5722
457 2610
3896 6353
5638 7040
7110 1665
6214 4881
9216 4523
3816 375
1264 6861
162 3149
4296 3877
57 9054
9533 3540
7869 4899
7531 358
6335 8380
939 3126
6142 2478
1475 3654
2386 8223
4295 3104
2432 82
7995 9263
3909 7022
9646 5045
7935 4635
5927 5680
4595 8364
6740 3819
9435 4203
8220 1266
1299 824
9653 33
9325 1237
4554 877
1952 6443
1524 7236
