100
5896 5190
3696 7038
7649 7531
4282 4799
4696 6641
2880 7657
4599 8356
1918 4540
9297 4776
3496 8483
9610 3178
6054 2266
8749 6084
1059 5865
3493 8155
7545 6837
4060 2542
8937 6254
795 2935
8731 3689
2980 196
6536 3227
1193 9202
7647 4887
3609 6279
134 269
5743 6219
8406 900
4793 4125
1465 7035
8129 6325
7021 4293
6592 7145
8698 2301
312 1307
4891 6906
8592 7579
4043 3292
1550 1230
8631 3476
9516 5180
5719 4795
4846 2194
539 4995
8752 1246
9168 1009
7299 8351
2019 7676
6810 8723
2700 1677
7315 3198
7644 8998
9809 7922
6041 650
7276 1120
9366 6968
4070 6959
440 2789
2771 5500
2074 2759
2712 7509
1245 6877
72 8550
6008 2236
9287 9189
5772 7587
656 2279
1213 8635
3674 5643
8646 8114
4518 1933
4940 8229
7042 5584
7795 9146
3645 4498
224 4413
8368 9833
2332 3143
5307 1590
946 7317
1284 19
3164 5798
401 6573
1935 4695
6002 8771
1595 2420
2274 1543
6675 3728
7742 4345
8502 6698
7506 9531
4839 4458
4969 6505
9240 4930
6228 412
5080 7385
5035 9287
4458 4028
2079 9945
4101 6183
