100
4567 6736
717 5944
9142 8326
5362 3907
8251 1407
5417 9440
7563 7295
8971 271
9536 8521
4187 2313
4932 9019
4925 2774
867 5060
3769 5488
597 2054
3290 9327
1473 9426
7035 9217
1783 9105
5845 3764
1741 1685
3223 8149
5372 4247
2713 1972
2355 1831
2869 2300
3945 9431
1072 1185
8339 830
693 9157
4036 6224
4416 5693
5590 8217
6252 3435
3645 3564
1180 6425
7334 6883
4643 7733
9979 7107
4759 6009
9492 7518
2351 3488
7125 8
4052 997
4013 7100
101 31
3062 2777
4290 1616
3096 9172
9165 3558
8838 7757
144 6078
6485 6573
9532 8725
582 531
2354 6667
4119 4903
4335 3382
736 3412
2527 9822
8632 6534
2672 4136
7151 757
589 9433
2832 6379
5295 4388
4573 9065
5178 2407
957 5132
1983 1924
249 1899
1352 8111
36 4026
728 2538
3454 9094
8025 8009
3854 9871
729 9657
7045 4262
1294 5798
7304 2220
9134 9931
2711 9478
2570 9828
7368 1360
872 6185
2529 9647
9529 3704
4070 3808
6262 8112
2411 3723
2997 8035
4243 1526
5450 1221
7096 6364
8774 3126
3161 4451
5225 7408
5794 6571
4045 2300
