100
9529 6156
3495 6032
6921 4286
6472 175
3272 5745
7618 9063
7918 4166
9935 2507
9996 7684
9290 380
6882 471
9672 1793
5854 4919
4758 3434
9602 3369
4157 4545
7358 3006
408 6103
3762 6339
9770 8766
5947 9235
4315 333
3402 5478
9993 2529
7560 1904
3839 6064
1498 4439
8391 2616
3916 8970
7154 795
9254 8089
4940 3147
7210 9110
2365 5195
7112 5200
2104 2874
8100 5884
2414 241
5825 8711
8201 6268
5689 6526
934 4136
5423 8443
5711 8666
182 774
4623 1000
7008 8419
2054 2899
6743 3923
8582 6150
1355 798
3728 1583
2303 189
1448 6524
2470 840
5924 8737
7922 1919
1685 351
4678 760
5479 8485
19 6894
6045 4282
5447 4551
4579 2983
7529 1470
1393 4075
1924 264
1987 650
5141 6277
3379 9154
2932 7871
4740 6698
3540 3699
3821 7582
9962 2775
1421 6811
3702 4733
6742 5689
3142 4611
7842 3838
2101 8279
9761 221
787 7921
2094 6842
8843 7280
4269 8691
7200 7717
2427 922
9299 1913
5159 6352
4182 3132
9605 2838
1814 9550
4595 7797
9396 8208
688 4820
8339 5581
3700 4467
4233 5631
9 8475
