100
6026 4782
8472 1771
1238 1504
5011 6921
7864 4893
9522 5315
8767 4060
2699 7872
5490 323
3778 4444
5253 7448
3501 8532
1770 6359
9914 8356
1898 4606
7913 9114
195 6074
5469 1944
9832 9382
9314 164
4310 4697
6509 4182
5335 3738
417 6040
8516 7503
5025 4367
3627 750
8053 584
7221 9549
9268 2802
7819 7552
8631 8712
1526 3720
3087 7424
7165 4482
5395 2358
1730 5614
7059 3806
828 7214
4251 6697
9864 9495
911 1791
3237 3654
1414 1402
9945 4020
2827 7403
7487 5206
6001 184
7047 6618
5372 5721
6831 3686
6680 5214
6283 7616
1857 6923
2310 9199
7492 4861
8684 7921
6356 499
9225 189
7768 8560
3553 7761
9407 2497
7642 5086
7908 268
9507 9804
5788 3824
407 1839
1324 2408
1024 8420
2831 1986
8007 5402
453 6495
735 7409
1663 2403
7580 6134
6538 7546
3889 1775
1492 4812
643 110
3578 8294
9200 7849
4781 4739
6775 5545
8099 3264
5720 9583
7286 4421
9340 6342
6592 2591
3193 5311
7667 370
7622 3640
7815 5641
2635 9575
1606 3275
1036 3531
7018 2543
643 5575
2898 3092
7674 3570
685 2934
