100
4688 7104
6850 2986
2300 2085
4087 1340
8178 3739
2785 832
1889 3315
5562 2329
9815 3129
4768 53
6903 5338
7934 8860
3535 6844
3007 7130
5661 8221
5090 741
119 5424
9765 858
5608 5242
2176 3632
7853 8812
8675 9290
8977 284
2640 1723
5057 8435
9448 575
945 3869
1162 3757
5202 2880
7355 8351
1242 873
4022 2793
4176 3337
7085 5390
7064 5069
7731 8309
363 5198
6933 1830
3067 7950
6850 1299
6882 7047
9445 3109
2476 5152
4979 597
7450 6356
9918 593
2873 4562
9067 3160
9902 9166
1063 9883
9376 5657
4653 4750
820 5345
8939 7117
7690 9420
4003 4146
9913 9769
485 1746
5415 8214
1811 2874
4956 7775
4503 451
7776 5692
9058 1017
7700 6250
7135 6944
8356 5388
7647 8968
6542 1540
2990 1168
979 2042
6578 1509
8417 4509
2543 5746
8597 9050
6616 9146
7195 2198
5460 4279
9645 633
6565 1629
3951 5828
4875 7030
1361 2860
8961 6775
2247 9158
2076 9576
2865 5990
3208 6862
6842 5530
7741 9754
3575 4075
7636 3797
2253 8757
7515 1834
7000 532
6676 848
336 5529
35 3530
5353 753
9122 3327
