100
285 9391
3427 1856
6515 8251
9347 8246
1554 9123
6307 4535
1683 8518
4170 9900
1253 5181
9439 6656
4226 1085
335 795
9125 9318
3345 3976
870 5860
1946 1965
7781 9654
6645 6915
1860 8074
479 105
6829 4087
6856 2574
3823 207
2455 1764
4098 3472
5583 3725
7185 4268
2149 6166
7261 2700
1334 1813
9370 6359
2075 5584
4506 8752
2583 6376
1000 8036
3525 6720
3233 4913
7050 6970
4502 4739
4312 3513
4426 571
2858 7439
4277 4757
9673 7882
2396 3591
3895 4698
2536 7468
882 2695
5121 2892
8761 6223
4036 3625
9840 3765
2955 8404
8036 4993
5004 8765
4991 2617
1431 2854
8019 1181
6951 4174
688 2968
7652 7712
6117 7493
5074 5111
522 2314
7583 9112
6085 8539
574 2299
8141 2064
9008 187
9627 7583
3048 3952
5666 6724
8340 4929
7867 6517
2847 2698
7997 7197
4669 6329
9285 1690
3936 4805
9128 6971
2212 5909
7895 1059
2954 680
4998 8034
3348 6059
3719 9708
6072 654
624 3769
7458 5146
4946 6393
7095 8855
3949 5906
7964 5796
5101 7840
9044 4991
2477 843
7212 4242
7935 2800
2483 6372
9200 2644
