100
2246 2981
5328 3646
3204 8323
865 3883
6577 9346
9248 3140
8042 2582
6592 9536
9321 9099
5818 2976
6929 1629
9342 4667
6232 7212
307 8605
9189 2600
9770 7393
4415 3790
4495 6481
5712 7779
3738 9184
194 5525
9138 9389
7513 772
5790 3629
7209 4903
1557 9717
8756 3858
4283 2530
9643 4381
2685 7616
5796 4261
4700 5609
2889 4884
7631 2654
8509 9700
5803 9715
1690 2478
8388 1235
2926 4769
2705 2609
738 7637
3456 7098
7941 5475
5843 1953
2928 843
8617 7745
2427 2646
7160 7779
8624 2953
2874 7349
7346 4898
9705 7114
8624 7456
2476 471
9912 2646
7710 119
405 7452
2630 1747
3012 3448
2489 3762
1736 7495
5660 9351
9617 148
8322 192
1714 4598
8113 187
1511 8970
6183 4250
384 2376
5684 5684
9720 8733
7034 6213
6021 5268
208 7436
7207 481
6692 5303
4237 763
6092 462
9545 1355
4593 1939
7289 7241
8155 65
7972 1279
5912 4062
464 5711
1549 4353
4638 4170
2941 6557
8137 5203
5392 3072
2646 7583
8102 8179
4732 1508
6914 6905
373 7429
6719 6209
4485 7732
1024 5280
6742 1826
6610 3143
