100
2048 1186
1794 1431
6332 2473
6726 4481
3267 7411
8237 1464
7407 2990
2563 9388
4072 6688
5568 741
2773 3188
4057 2487
4085 8384
8782 210
7232 8538
7736 2441
2643 3587
8802 9205
9821 1290
2020 2259
4150 3129
2914 1939
5409 4087
439 6340
45 4720
2981 5991
2520 6013
2884 3432
5708 8262
3022 4224
8569 3960
7106 738
5963 6503
4168 1643
9793 8172
9282 2703
1071 9355
7161 2656
9006 5935
9856 126
9237 6480
7358 3575
3862 1520
4983 1494
8582 2340
9911 8818
9142 2510
9178 1165
5121 5874
201 2409
4588 9537
23 9812
4077 7043
7176 3504
7611 8137
6826 7056
5036 1790
130 6593
2933 3040
5501 4261
9372 142
4100 3850
5037 426
5715 4250
7335 819
9359 7058
71 6950
4851 3358
4584 1103
2352 1
2330 1095
9007 1618
6158 3532
6556 6142
6477 9271
8750 7649
3900 5377
4337 5654
3540 3146
9534 507
1137 679
2938 4779
6101 3342
1267 6625
341 3848
7238 9627
6155 920
7984 475
6939 3145
2727 4784
1786 1813
1730 6455
2774 221
2103 8091
1478 1503
7928 3621
5558 7204
758 3089
5844 1262
1774 6518
