100
9298 9449
7248 7648
7952 4415
1055 5738
3561 704
2987 1530
3561 6274
6739 589
9032 463
4857 372
835 6582
1274 2301
8642 8391
3193 293
6464 3834
7100 6106
4195 6110
9211 9807
9782 1316
3394 2644
2976 3431
6008 4501
7303 5174
160 9806
5081 403
2353 6877
8981 1575
5898 3081
8800 8688
5812 7408
9969 1417
8697 2587
4030 234
1978 2594
4499 6870
5992 4119
3018 6258
5131 166
8088 8005
9782 9149
5342 1035
6423 4667
6430 7801
4899 7815
4380 1743
7215 7623
1741 2186
9486 2568
3999 228
2345 1939
9913 5861
6333 1068
3677 2935
8320 7815
7979 9810
4616 7583
5564 4663
4055 4715
3700 8370
9786 7498
7260 5870
1023 3250
6598 3390
5529 8460
3363 7094
263 2335
8444 4698
7352 2379
8036 4106
1006 4231
3010 646
605 9359
8867 1950
3215 8525
2655 7250
8823 2755
2298 6880
4105 4436
1774 5469
9527 9260
3234 1889
3790 2125
202 7335
3011 1356
6823 5358
1100 6179
9129 3233
4062 9851
7459 9542
2464 6092
9987 6356
9446 6508
7448 6423
3106 2234
5138 169
7198 6215
1488 1905
9352 3923
268 35
4019 7484
