100
17 6697
7530 2746
7565 9798
962 5139
5211 2153
3601 7301
9453 5677
9938 7029
7461 606
806 3809
8146 1186
4509 2696
6459 3684
7389 9637
899 8581
5928 3724
5042 4963
6698 1043
5040 7203
1653 7035
5464 3842
8520 5958
9394 3299
3859 4585
4004 9205
1556 441
7455 7101
5285 6197
8152 7659
8043 9731
1765 3294
8801 6912
85 7454
2945 210
8396 3574
6864 8521
461 224
8242 9111
6829 4314
4425 9109
9189 7301
6114 9738
4073 8694
6254 816
749 4003
7949 1964
6304 9610
6990 175
9638 7992
8229 4908
4318 3060
1686 9332
3283 2627
6224 4631
7401 3099
5666 7221
7839 9436
6501 9539
10 9767
9503 8180
7795 932
5363 4349
4052 8272
6243 1886
7724 8705
5659 2791
3897 7987
6118 207
3699 3455
5446 4327
9378 9966
3037 3432
4045 4899
8840 9002
9564 1933
1909 7722
6274 7904
9032 5415
1153 1379
6108 6069
8970 4701
5679 6943
461 2312
4214 6642
6501 4929
2493 7349
3518 4948
2493 3036
9611 2484
7221 3004
9530 5492
7650 9265
3509 5418
122 6667
6872 2776
7107 2327
7944 1647
9963 6541
621 9927
5179 8942
