24229
92002
298
41179
21034
38086
41307
1864
69630
9053
3021
74523
93477
42859
28502
73946
89499
96617
55522
78824
85895
50419
23404
45672
44004
45216
38603
87752
99552
49231
18818
84883
80808
79452
96726
50111
61137
91474
52397
23420
41973
22043
34250
68232
67245
5878
38288
20502
86649
47619
33707
58733
50076
69825
67016
31791
81191
50561
16740
25550
12926
49877
77868
78075
68049
97141
21788
95208
37553
67791
18717
33705
69606
68218
81412
71985
78387
14001
79435
48671
68748
37030
15181
88807
73023
81574
70491
8747
68397
25836
66259
47179
44938
37802
65844
21476
23180
16990
78463
5483
21072
75702
22116
30833
3377
20235
70696
33003
19638
85947
14253
79376
79308
88402
94065
86315
48574
29732
48176
56009
57258
81128
42426
17164
65515
37956
29087
59277
95282
49465
74592
43628
93813
37822
91915
79346
22354
89531
16740
88700
34665
21388
27876
15838
60791
57159
90551
90527
97497
44410
98412
17916
83097
70667
67758
12990
64908
92394
59612
89381
17072
89658
74785
27424
94709
22656
75631
18922
37158
50893
16410
67042
61645
21461
2313
91361
6508
69707
23965
11194
37008
99887
53187
17671
82185
68165
98902
41801
4004
95647
80012
8776
53897
4341
39682
34461
49680
10630
26960
23008
53323
75064
50714
95781
49127
54843
4568
53261
63539
23484
55291
46102
71915
6138
92531
61971
39012
40301
45260
23728
97419
31556
88341
83145
4455
93938
65751
22455
38110
24530
87299
76052
70162
39457
66429
74741
49738
11296
64629
4782
83539
23004
87084
60742
60075
56976
44125
58425
94899
84181
44859
80742
69238
577
10992
20962
99269
52207
30558
7097
35369
54518
65720
65528
33173
37358
56489
77044
61632
40414
96668
86659
43050
92395
47027
69597
64379
72423
56785
25439
2665
3116
76318
1847
69114
12760
95529
97830
92204
68379
93597
98470
62285
58000
33792
10421
86904
9660
4294
62079
18940
39770
28866
73765
17655
29407
14377
4920
45275
88083
661
99144
65229
17912
70410
67795
57445
94884
34978
70746
97509
13899
22974
20627
77042
52848
50225
60266
70049
81096
9196
89557
23285
80156
16663
43764
71618
59140
86186
71918
5735
47765
14793
97074
51490
40729
92919
12879
41502
98850
79182
68358
76458
49890
37479
86140
71732
85859
16568
64886
8370
44154
49296
3065
57446
54921
53057
19785
28723
49280
30379
10140
93081
45026
52967
88592
6705
72241
72604
37617
22829
12741
7805
3189
14277
44301
30503
73597
98318
79299
60394
57860
84938
48188
47536
37998
92120
12328
1079
99461
96557
85748
47618
47137
2694
5060
3356
77780
14790
22762
30666
36997
87883
55012
40343
73984
93638
20119
58278
3418
68651
11233
74061
5178
77629
34010
40435
46200
79705
33973
89705
76509
53867
83130
94680
95453
76732
43782
26103
46016
806
6963
55445
1463
72495
45028
67915
701
34453
36748
25551
93055
7303
13041
26444
78312
89263
97364
28723
49068
97699
76152
38325
50025
3762
1772
63877
16032
8929
52911
8066
9605
64367
8641
55770
16133
11563
47275
13862
21405
83202
91969
86813
10164
89949
64598
53759
5325
16314
60777
19148
24
12002
94025
33112
9928
22337
96112
51500
97582
31503
35949
21202
21556
71164
37273
18078
58955
98126
92177
26205
75700
36050
5309
57622
12227
47873
58872
63471
29330
44332
28808
72356
28704
48778
52931
80002
35962
2528
58271
67244
660
90976
25976
4110
27712
34338
93006
34936
28124
61197
35275
82889
80535
90255
17101
62911
84234
50428
29949
4171
72842
39892
46333
25256
94350
89042
95262
51391
76605
87239
95964
52158
49180
62770
22200
93330
7659
10975
74540
64993
871
65487
60476
88992
94256
40595
12163
85039
10642
24808
99761
81720
47925
2599
56431
11764
93441
84879
54975
61404
84240
89833
55415
49553
69657
60559
62650
46256
36610
60445
64569
77138
15727
76970
2188
75077
43836
13094
95392
53500
24819
99967
85172
60984
69958
8808
93546
80985
6736
69238
55016
1390
18665
13532
36547
33119
14218
24348
78706
72591
41619
44325
29608
34020
77989
46581
39937
76560
53829
88134
89032
99557
38013
5681
45870
47981
14823
72483
2669
59958
92018
59038
69576
74482
69792
69506
15653
13635
76117
92238
11297
72998
46638
64537
91698
69849
4320
49105
20651
70599
34341
52131
98449
62157
5913
97757
31493
68430
82810
32335
66557
86113
47396
71802
27539
7347
28208
68279
31840
81388
20890
47783
91333
96794
29319
3885
58930
18284
83078
37149
66427
69361
59713
4942
2035
44137
38539
68602
81253
27651
99097
10019
15340
47593
20153
43587
29363
28983
52343
73166
3341
59545
13970
27688
88284
90948
70447
9480
21457
84034
56707
54179
17821
1860
78174
5538
26407
39934
64476
39610
65289
49852
6764
90079
88684
6852
72115
58895
95990
24359
81081
68633
52500
41820
69505
72669
27716
26166
42146
44676
45390
37824
56949
5788
87662
51875
42763
15857
40821
58487
28457
39598
29100
20567
82814
42565
61275
64716
70092
87424
82502
8870
68713
60467
19699
11852
61483
66585
67905
92555
98198
15304
96023
5623
24588
2259
91555
8575
5976
42201
81777
65162
99721
10755
19887
39076
87150
34775
97756
9599
76552
78477
86252
82382
55501
38430
51368
5006
88294
13684
1628
56673
52874
23587
43147
33564
44027
73297
97056
77904
33990
55802
36108
47799
13636
80791
35450
53028
93314
15301
1448
95097
70873
27132
70043
51655
64116
19456
5420
77306
3130
24292
82485
59331
68079
30015
21816
27298
71993
13860
32095
2287
99114
40312
95017
38619
37499
68908
87804
55582
88868
71622
57419
68144
66862
25052
48246
59278
84649
96501
79794
23006
25740
35323
42473
93423
57693
73874
12069
68875
18092
36576
75846
25600
37312
59691
75589
52240
42378
96309
52717
29142
34332
22750
65181
11403
47743
61336
12943
86938
92213
67174
72352
86841
85069
49396
27211
47404
66107
79634
98683
43493
61816
89376
11643
54450
56626
79464
33348
92997
81939
58026
17582
51652
86322
80566
51077
22735
88379
18844
31735
19737
59437
12229
19435
43171
56048
52123
12195
34879
33504
59615
36189
28945
36136
54061
97929
91804
71991
66380
7666
76610
31289
12851
63347
14367
99837
42488
73680
43914
32299
8497
11595
43271
36782
15087
12223
30981
9977
15870
33436
40215
95221
52647
24438
98125
25745
46237
47999
26408
94976
98489
85925
27726
49362
55965
78424
83786
71209
36733
94891
85318
46991
35712
62102
88385
77106
75604
8636
43048
2487
68153
71473
63361
39686
58088
88181
24192
36369
34437
6123
26526
69050
40189
92022
84085
53151
78596
1039
94964
51335
9212
39603
15524
83890
95308
76727
33131
73325
70642
89620
93306
96463
90020
91064
21115
95176
99031
63811
51010
28982
18030
2632
53620
91635
2769
38658
44250
37167
16276
95499
42215
30987
67432
59817
15807
26462
11877
33460
43691
21284
46550
14884
61731
19752
74053
75084
12997
39046
20674
89600
52997
30461
79594
68410
88220
96419
80415
31951
8678
84828
6821
57522
43674
58058
72703
73201
13244
22378
16027
88205
49852
76866
51646
77500
23807
39613
21810
76201
83674
64992
40222
1638
30673
90916
75684
90008
90881
72152
34805
76338
3352
65480
98439
51588
85841
76594
30615
14568
19179
30314
11092
33705
353
61257
57052
63588
45869
2399
43670
73077
12544
50051
44649
73499
4405
53478
95556
71625
56904
84194
11457
91336
86558
85171
42766
86054
77793
21862
34867
28783
86623
81834
72783
83192
78022
10430
93191
76097
94183
75642
76315
56332
87818
34926
34575
53138
96408
35407
58926
95868
76695
56485
500
78208
82849
79358
38658
90432
99155
63819
11904
44161
97105
46824
50366
63280
15037
20652
73409
92318
46942
23250
38901
654
7685
9661
97070
89973
97864
15789
61441
46424
39242
87144
77055
18259
75796
40528
21186
67983
2076
58825
92673
90459
49004
82228
65104
73061
81884
52609
67895
54366
42193
70524
60186
30947
4143
96765
86657
11481
84221
12085
68097
71459
57380
87537
31665
41743
97833
97362
45592
61500
44336
905
55122
263
76504
36161
4232
87969
27847
29094
46794
58612
72472
55447
38619
81271
28582
39884
59877
146
53204
73485
4542
1927
97451
43888
77811
65179
47681
87590
30609
77357
63511
88847
9847
8438
60361
84817
20948
96852
76983
93005
96211
38380
94474
45694
61176
36706
30878
24644
1977
95656
58845
47164
52384
11034
25950
85862
86137
13108
37061
9130
10567
9527
90014
95302
79747
80031
95777
38287
74145
74329
70161
2082
6155
26733
27723
60171
5008
92929
11227
50018
71519
1852
27637
51389
89627
78435
93762
15954
79666
3886
17403
58715
65889
71004
65819
71654
29735
4424
64534
92604
74326
14678
81354
30880
41666
1596
62366
71126
55592
95873
40872
70148
72172
2855
35464
78154
85173
32297
24299
21367
2833
15267
26019
91822
6246
28278
96141
67085
528
64283
53842
30385
71386
24454
45924
76025
37128
69453
4344
16269
60061
91155
18216
313
63693
82607
84783
89054
32472
48464
14740
91982
58660
31984
95342
91100
7485
46664
13965
51646
84931
7761
80929
94122
67994
58314
25861
70911
46164
57356
72061
16611
50630
20440
88170
32449
38655
47471
95600
96371
82671
75710
95220
11542
38817
23519
66602
99321
34634
92502
43225
73859
17336
74528
44864
28140
40070
3216
74310
64900
86091
26301
25804
69274
94714
86137
25942
24616
91013
90488
98658
86374
13340
31447
30494
5540
90001
33931
88641
14593
51054
32649
96462
82310
61610
6209
37276
39675
32178
98729
77575
4633
23137
88092
5861
87430
22418
28032
50402
19063
98040
77837
49073
91319
41184
93074
90427
90703
24834
21222
6736
50359
40540
65396
93396
19587
79259
75246
80539
73039
71013
25516
56319
85163
3229
43264
30554
78393
88875
81444
27550
38264
48019
7122
48454
40238
94644
58971
33738
9952
94181
81982
99648
58715
53499
87538
47737
63763
72120
24143
55465
83654
54499
76129
28228
47520
87257
25512
9655
61596
60755
70223
10087
41883
59625
39702
12168
46597
10065
86292
64777
73741
95736
6200
55612
4040
49676
14296
70165
69084
54060
5493
98393
90321
99001
22679
53209
97251
89352
73487
50473
24415
29917
14638
97869
71696
68288
88494
81328
13775
14862
38682
37551
44692
26597
52949
53383
19454
33506
29589
35437
99444
54308
84987
19290
86341
89836
49308
80437
60611
55444
62530
24825
34422
68742
41502
95970
39987
65547
48225
87589
99834
10514
42940
58784
22972
65734
49583
46486
57097
34873
35276
87109
51191
15743
22893
406
55881
85318
39575
61805
48119
88366
47861
72434
98560
88380
85763
60810
84245
67457
72205
3424
12620
68263
40133
61038
98239
34830
60057
73100
35993
96246
60313
1146
63472
98538
98254
74769
78493
21525
20900
40324
6634
14686
39371
6722
41052
68164
43926
91588
26681
76301
41198
8061
40665
43689
35557
10263
65177
2994
96364
90210
68311
32644
88533
83055
85119
78833
6017
65021
59282
14048
97092
33506
33230
82819
43919
60642
39068
90012
42341
74983
29698
51318
46369
66079
92141
74851
41883
36183
36988
97943
70260
81550
63584
82305
93822
43916
69915
90250
9031
42783
30592
49308
39566
11379
33469
1622
7428
86831
32198
80872
36281
1931
52212
60944
24614
55665
44596
57
19138
4129
87352
75527
50749
97899
2334
12627
67663
6713
11013
30741
61699
45786
87320
31484
56072
22249
30064
42234
82406
11688
64293
96289
97451
830
36373
67410
70779
77955
1272
52202
89723
92115
45832
12347
7593
59242
50279
63781
31218
3626
70079
44356
47882
16476
80251
17422
99600
73320
7109
9633
29245
15938
87314
23237
71394
19155
66808
63522
45277
60492
86814
33420
60055
4039
74426
44844
27164
95087
7609
45888
19105
33356
67229
90243
50673
37271
1611
80623
58741
16654
2919
23439
82404
82239
59610
42841
73184
87571
47351
92605
36286
78836
57556
80703
57367
20866
1011
52077
94300
97290
5834
54975
37297
36838
87701
64329
54487
50055
88882
2401
52126
19613
77724
82581
90884
49805
81747
75968
33394
70183
16756
91628
45951
20270
13160
37152
34658
52282
56150
17366
38228
21988
79962
9039
1948
85595
63408
95469
5830
55057
34577
65566
13704
43137
99520
79306
19631
77971
62193
95544
68785
1562
6458
53345
15069
20942
9413
93723
56555
16327
99327
57892
1877
16884
5220
66691
49193
10758
49802
6974
7505
24423
60517
45206
29418
56969
24137
38815
58821
26804
81775
25369
19908
39733
23961
82713
38362
46842
79860
25519
61792
27200
64516
91027
67068
80412
67270
96236
6490
23390
86792
50000
23150
96557
8894
69591
16211
16186
31234
171
43517
82025
9246
83055
65568
21648
52036
67471
84216
97075
89546
58845
3399
11073
90875
80744
74891
70195
80120
45110
36834
63215
73321
81568
45186
72367
1927
50844
25453
71171
18293
94649
29664
16932
95715
60946
74193
90501
46754
36268
67558
87151
88345
55922
56478
96869
87861
46806
10922
92938
18718
21891
6065
85149
60774
42982
41624
97651
22777
47445
4352
7548
33729
83797
16299
83230
23943
66682
69577
73952
78028
77391
7915
8540
79869
8920
67041
98013
77839
34956
62773
6597
2688
68759
69876
82056
58297
93024
54328
13348
6156
34238
60798
73136
9012
1684
92393
44100
21393
4034
51131
76317
86956
73761
56256
32770
92622
54757
92546
84477
50378
99391
9865
67219
15659
32991
96312
98300
40177
82225
77665
15586
76293
48602
23123
99610
83067
79248
67783
85310
33338
50449
4787
46495
44661
16226
46542
80413
38914
32829
2587
33460
78628
26339
90026
49569
39346
75053
34066
57820
69987
65172
97775
39605
17294
43864
22822
98706
94292
64759
91342
93071
97547
92122
36564
67008
61687
94489
92888
8153
80217
11734
94580
54180
17074
35246
37312
51033
88572
74589
43101
94244
83965
55571
74146
23802
3988
52428
88464
70492
52668
10175
51900
40823
29423
73744
61970
56618
75781
49073
58159
3713
98798
39924
13470
68317
10790
43860
41175
35858
27448
33105
21623
73278
12969
71298
33522
60445
50726
54520
1856
9700
29857
99945
93030
36687
34232
42534
24378
35212
26062
10641
75385
78597
66094
86384
24309
61489
38527
93432
26700
14652
634
30562
3740
20104
8234
48516
99589
46410
66351
3854
92764
10393
74354
13430
37867
82909
80259
33341
87832
25551
29523
46933
75041
57824
71392
70847
40223
19739
71722
23869
8553
38958
13090
63773
40986
70986
53446
55243
70963
13293
18999
4584
7101
94094
91726
48542
26468
90820
25511
49147
50654
70719
34271
15313
48827
15702
92285
16831
25909
86896
75466
28791
6121
18594
46450
44908
97323
38426
35686
75035
37123
24609
30760
5984
52522
98654
80160
35224
48974
26142
3121
4310
34796
97134
37895
30301
57131
35265
30774
92353
87213
76401
56267
7104
66142
37951
36266
85719
67826
64399
21091
28874
52298
6771
72783
26061
1226
60039
7575
39084
76388
66958
60841
35225
23607
29806
79172
48020
48309
10830
35064
16755
67690
26257
47847
8379
83956
40190
59897
79757
34433
58453
83425
80463
44426
75084
93487
88922
24154
3546
16130
77512
66663
58879
94755
59224
40193
1772
16626
23091
9452
2886
95547
98280
70772
52803
25917
85816
78044
45630
88451
77556
18582
47670
58145
5061
23134
17230
51832
65585
41557
78488
56018
48850
58249
19039
1587
90544
65136
37081
89250
42034
79872
95983
26625
8571
77523
42880
53814
78654
7030
66160
55313
26131
33879
76664
49000
92684
475
83288
19131
37262
48487
76556
42841
17975
13484
70534
50787
43207
21965
8026
48134
31622
56482
25267
55256
22466
95840
11139
8736
89053
24723
80266
95495
71400
20620
94793
80429
72761
39230
34241
54560
72104
12419
91673
78905
72597
44479
53330
1113
78516
75075
80065
36205
81178
63638
90519
97305
76192
6949
12118
61889
97129
19926
71623
26690
16808
5364
30942
71077
76429
59949
28812
88895
98941
50721
98389
33172
74645
60633
32417
73121
41416
95620
150
19164
56633
37182
94493
56757
39226
99120
6623
56084
39770
50009
64786
11388
56175
92588
12380
31341
78566
93252
71231
88450
78613
16176
35691
92883
57484
52670
98689
64935
60145
90846
73313
53960
65703
84374
19086
1862
49859
69754
10191
47659
39097
30315
52119
44872
82515
59408
93194
52410
8492
58239
72173
55958
97138
63295
42334
18572
41378
8328
96575
43757
82226
56329
47745
84559
26241
19012
22933
1601
26680
88706
56784
25255
30180
85352
28179
5097
71919
54912
74755
98449
74808
98623
77497
89050
22010
47547
82021
85555
89617
57277
68304
28529
29513
79740
81014
82455
85440
94824
53535
2891
76468
40868
53769
60196
3631
87700
99056
37522
82860
49231
75036
60498
50516
38040
30741
49570
25589
41988
71684
13596
85925
98387
34876
93069
75361
84406
86725
74843
48786
59230
93053
74806
52052
99714
62466
18891
61096
77159
41386
6153
24042
51158
2192
68114
94850
89211
34313
37810
10794
61181
20435
3367
26308
7408
41874
69199
24875
40938
80701
89422
13139
91238
26964
66983
11071
29468
51569
54450
49993
33498
15151
50216
81719
26019
25808
1685
53434
44647
21029
87984
84989
79966
43576
61393
5237
91963
45558
32070
78034
37724
92387
70720
12314
15313
3546
99605
9662
6312
77811
2772
5713
79974
37005
68418
56615
31376
89360
52357
10955
76453
27784
24675
95523
48956
96096
55761
51753
66520
32538
31908
83190
60996
13666
67764
59274
49262
49318
48065
36904
13017
85437
7172
1249
97281
95692
98348
88492
73918
68941
97647
88733
46114
24525
51176
39171
47044
41106
17341
73852
77356
30975
39496
39427
80926
14000
89792
65411
98298
1995
85075
27964
71982
90030
60734
25165
47825
81439
88391
57880
97821
61221
47951
26204
96197
56427
75899
85359
26122
43437
21777
99963
48983
64375
21171
91067
53722
87952
43496
60959
66083
65741
11692
68379
28988
93520
37743
17266
21471
81527
21773
27621
74389
33176
9845
8434
14073
12748
31313
93489
83960
84331
30394
15645
49928
2193
95785
47501
77532
67377
90384
83840
27660
1072
56953
39633
22664
16623
16730
91960
52878
97981
38935
31083
13778
48500
43646
63038
49538
83583
18969
25273
23775
69318
17734
89144
22642
21065
53419
46324
78554
30167
17776
69807
52230
47550
12707
67197
29483
14165
31012
10449
1359
11548
6454
36064
86214
28216
44659
23290
42449
37532
43188
17526
14786
13203
44042
5122
89585
71990
62248
52880
83782
62330
29558
47452
42207
70689
11843
7366
61486
49083
50643
95220
46980
64890
93736
75071
33899
59855
55961
4167
49733
3353
96003
82916
23220
69996
66994
67033
83986
80402
40181
68878
43715
52935
71387
5496
1297
42564
48751
61894
77040
25861
92852
50482
81677
12969
36260
1664
75375
7465
71540
21913
37631
36229
4340
55868
57780
15261
68379
55740
37489
70490
65774
87275
69141
10394
50075
88787
38327
29031
96059
51865
27016
51100
29494
86916
6961
23
55757
43826
81669
57017
554
29589
98134
83665
87541
73250
68610
10016
7469
92486
56581
86868
89622
43980
76648
67923
67653
10457
47339
12711
55230
61187
484
2164
3454
98165
51089
78111
33608
99419
82982
81695
28894
75478
23631
82710
18295
23078
46318
88635
12080
28891
98376
43865
57777
62751
65108
35158
46738
8088
99246
51610
2598
92323
54028
11492
4858
60390
8433
92882
1985
52554
6545
3790
90638
88566
81373
62002
99584
7943
1230
17516
71686
97269
5655
93630
18047
37707
42174
82467
74619
34801
19474
35079
63389
22861
13126
81661
92228
68763
5704
25960
98772
45598
67639
55961
34775
92931
82669
59023
84365
35410
40742
99229
92571
44287
47846
12855
40003
37331
41099
36459
37005
77185
16968
97340
13900
58532
69380
25793
83269
5015
22384
82035
23438
80343
62910
99915
7585
16478
674
99790
54449
36595
64582
62549
96180
65983
92254
23220
64417
93348
67201
4499
68782
50771
94885
37437
39511
71214
16390
50652
41510
83706
19610
27545
30722
39251
12491
72963
45459
43485
60521
8972
43834
66380
48214
93281
1724
26489
63180
87358
6272
65600
56930
82121
78117
88052
34459
84425
68112
54375
16987
73094
17806
95595
25473
74118
11493
90631
21121
48861
75178
81495
35988
81438
61091
61270
32569
21291
51335
80022
81916
81328
24505
2543
41628
94066
11675
14156
10542
95377
80710
62923
87172
56108
55189
52117
36849
78424
45028
16896
2406
472
67405
30988
54582
39929
79504
80999
75357
52715
68677
15696
17744
3958
59837
33056
73135
85970
20386
3099
57332
80347
93407
44799
44436
27237
64367
49222
29014
31896
65102
61806
46591
63046
55634
33226
5495
14289
68746
58085
16348
12714
5628
85087
38843
77747
21265
93341
274
88437
85966
8837
62282
22047
26753
3912
18919
56547
35310
2949
52928
9262
64873
98698
20910
36602
42143
41159
71302
76299
99730
59921
4038
68134
7311
82630
80871
71689
92679
78410
58568
65554
44243
12203
68823
9840
8993
11804
62590
89201
34555
14671
27498
58315
73492
31950
41924
6190
48283
12406
28860
71377
67894
82069
30014
37408
63491
93048
53799
99766
78993
27169
80667
67683
91426
73760
73012
77516
6324
38741
55037
29908
94315
58898
68802
61361
83487
85582
27179
97041
45933
44183
60893
70905
83978
31364
77779
22294
95406
15662
50320
28929
67
63584
41518
78466
77730
88233
61601
81963
90919
64474
49408
35331
72805
73484
55543
52223
79258
68927
49781
16429
8193
83311
87590
20892
90614
92335
25397
745
21372
12789
46389
944
30212
24072
77298
98983
99528
24026
77391
42131
38149
19074
43335
51674
55947
89851
67417
86421
70254
27701
21760
55228
30452
46368
92135
49536
33903
87789
84615
77438
64881
43924
40377
90247
60674
25122
42933
64788
22088
11331
32077
36253
27012
1672
75560
11704
30313
89078
16711
76052
56458
11419
74076
82226
15515
91740
87317
66200
59894
9714
49187
9533
51533
86926
50384
82758
16590
57881
6547
33987
76945
63085
71416
11760
64017
56394
55497
50246
2332
87660
33568
29870
19418
93781
61979
82224
253
44512
84940
58790
2658
53795
61917
53865
55990
88668
17484
62721
34164
69157
36857
59580
27527
31739
16160
77215
16209
85290
83372
73316
3951
76432
70706
11769
2691
17760
92859
11908
12622
11186
85199
10183
22398
79062
85006
54987
47462
44458
87403
3333
94238
97177
32914
33743
43806
47791
37948
68538
7051
84381
50427
92526
17448
94323
57663
25774
72512
60379
32469
78045
46263
72750
50967
17901
26324
23532
52951
17281
97326
34802
61455
62649
16785
7288
7244
54463
44365
11676
46637
8296
44990
48634
67195
16333
20920
14415
86029
41698
33090
91102
2723
54642
52850
84287
84295
28240
65615
85923
26394
94789
76002
79319
18079
32881
11684
5780
37199
649
15903
4642
4001
53233
23818
54643
2639
92904
38442
55171
15228
28606
38766
54857
32220
8883
95097
70896
18583
23396
81122
28514
68754
43962
85826
29737
6122
90727
18349
92174
46806
19353
30769
59918
67887
29892
26055
44394
39634
27476
73539
19477
91039
44632
34537
77369
89198
34003
26056
86013
21292
12575
10649
24346
10662
96653
82592
13925
36450
57132
62887
83792
26483
67495
70747
61609
28905
41343
76563
85541
25053
55802
92930
8232
60682
75309
56899
25731
99064
1576
5813
93117
65257
96225
61333
21086
78287
98387
64077
57787
38301
41962
79402
34173
48690
84422
27463
63189
57671
94392
76040
26142
42369
58531
43314
5835
81847
52892
99334
33037
27938
38977
55305
40687
49606
66578
2745
57537
29716
42210
79600
97250
6150
85018
19914
1128
83697
9898
39297
87443
56869
86942
41909
77631
17672
4176
73160
72698
59077
56639
62017
37702
13627
58234
42434
49783
14963
33052
57552
32730
71453
82614
86145
38542
63051
76836
72228
32797
52786
56605
23469
11214
34766
56339
58463
76387
25286
51393
49898
56284
59515
52607
27220
96779
90891
42736
7598
79717
95015
99858
99730
59765
82030
11837
91863
38923
45265
82008
68682
29106
24863
44555
21418
94696
26319
75706
99179
62217
40195
3488
50526
91002
11526
4262
63538
31898
73546
11539
44302
57198
55229
29578
92262
88648
99434
94261
87601
35076
18940
11200
92303
12397
7099
7928
5388
11124
16300
19848
71474
82305
48032
55360
77053
29013
66114
11651
99329
49135
97591
61911
82812
72774
92211
91884
41154
88360
48180
29304
20811
7778
66854
44176
95028
40579
36135
33237
21042
80180
6468
40308
17656
16458
49099
89401
94210
94038
49447
1603
59310
2436
22701
80368
63159
47545
26486
21194
30511
96296
158
10723
24694
41046
23445
83993
11992
69255
44839
61405
47769
43164
41782
60376
17203
862
3880
81589
27867
79797
23678
63188
50133
62543
75563
42791
68280
46040
4492
250
12007
81098
79041
13104
21865
75162
47507
46070
71038
41036
87275
66663
87594
34583
31878
93322
38039
94529
98177
73340
24515
3488
5906
97095
89666
38964
16528
70761
73917
30122
35909
74811
66620
80990
54631
80087
57700
59843
94139
34813
46315
83347
83929
19645
8470
27360
28926
90228
9659
78985
73780
97632
83131
7521
11875
41306
89509
93260
17963
7878
17751
31492
49663
30556
31806
41674
40271
8710
14702
41952
92467
42731
71127
22950
49246
9322
86887
45773
77598
42706
4548
78734
71183
63588
13619
54609
90421
9616
22729
15989
66307
6692
23056
76532
8069
35547
79083
4395
1028
21404
85667
55441
49835
29867
3141
49181
32575
30681
32267
49111
57812
86546
207
68971
6373
85215
20064
13145
25556
16237
4745
85727
2344
1603
34442
92679
56502
35150
90399
33010
20661
35722
11764
45871
94629
72794
59719
21254
58315
27761
16376
17588
9746
78562
50358
56880
47159
50723
6933
73136
91150
42276
89912
97194
87541
26167
4803
85888
6564
4743
78458
21242
29584
99285
62126
50617
61441
6698
60288
49208
40749
31396
4900
85718
19404
39351
25121
43370
34666
82391
1724
33443
53137
82990
64527
36359
36397
80124
30182
73586
37260
14565
59198
3303
54744
3791
27363
72090
54485
20772
61506
55768
20760
83971
33037
10035
93059
51370
18246
35154
10568
83742
52841
13216
45628
3976
26384
5577
88810
23218
10690
32056
30229
15686
64547
3871
9691
93463
4768
98892
60532
71599
74144
6957
70331
20016
88337
10547
39454
48720
88919
76666
19662
70516
99445
91611
70784
73875
75852
24369
56335
86101
5862
30817
35553
22152
56394
54974
68492
70208
62746
26586
59537
20543
3743
27442
8108
68168
93299
35374
13609
26889
97460
87842
32266
22403
14069
54131
21136
37561
91236
16237
73003
20844
18232
66083
72242
38585
59101
57922
52467
57526
65609
4480
30867
66517
19114
8045
18537
2547
26641
27440
61180
67665
47387
34950
51408
1938
82218
295
49905
40826
29431
75459
77165
28409
20449
79080
57317
81650
41479
50770
56187
59249
15470
21213
60579
80101
23468
28013
42118
7488
26731
60642
86458
83318
79930
6314
84474
9224
12203
97137
65004
48575
32533
54735
95961
32177
11523
30151
77205
15217
27771
786
15709
50609
85813
27202
25233
32388
58832
39295
43269
7660
5026
22322
38469
83594
40836
65298
85218
73483
35283
44736
48779
12186
4786
27616
35493
3766
7017
34450
39160
75786
19094
92658
40341
14799
58658
60362
72631
19334
38627
40782
3637
63120
69344
86615
4546
70743
8108
52348
23926
51642
50662
89435
59093
49181
70092
2832
83364
53612
88235
20684
39555
46865
55439
19795
51867
44732
58521
30867
99849
35032
13578
202
16109
39007
2005
39129
42853
21391
92754
27750
73473
46992
13685
62075
8206
65979
84225
48436
93455
62790
19324
81751
8765
47320
34655
80486
59048
68084
50560
58858
21778
23747
84622
14793
9769
85983
27214
36346
19690
24115
91841
93944
7714
26090
38172
15441
72840
93120
39885
20697
64352
78969
95519
74285
79286
98422
60336
60651
69473
43478
66695
53521
11319
728
70946
64813
6652
31608
63166
61045
4769
29596
57723
80291
74261
26084
47749
31715
96163
85216
63695
21561
16057
80913
55080
41262
62217
20865
10066
21683
63787
19044
50890
38511
5469
749
43734
71424
50876
73504
81418
43135
87340
86676
48902
24111
55224
34435
22196
64146
31476
95869
35366
22726
85057
68646
46513
27741
52029
38762
76297
5627
29903
43239
60179
76705
65775
74952
77081
8233
35161
73424
48252
61098
20977
38607
93912
32205
40526
32612
99118
90144
6616
75016
94264
93174
19811
81636
45551
58461
65112
93629
9625
26390
83906
72687
29367
97800
28941
83066
40704
82025
57366
28502
39050
39402
35871
73360
799
54260
26784
5006
20651
63520
17595
19836
18217
58635
86397
97772
29540
66090
29162
957
18061
14014
40633
42296
99354
78669
84128
33090
40016
93087
18996
5744
86659
49790
93663
46864
66611
11608
19532
23268
2541
46193
32330
64888
89466
84931
79767
80641
24247
22965
93376
34194
57121
99562
57331
24122
75967
43354
45372
87621
30022
13442
72805
4810
82851
96205
89946
73017
71175
46815
34782
47744
51105
53161
97893
56501
52793
35208
49520
19507
83840
29777
22430
26094
17529
62201
80882
79241
28671
2233
61009
84437
20866
89529
38760
92196
31072
20765
44515
58817
51796
73680
26050
68411
99351
34793
33966
71464
61895
40595
45866
81720
49165
63521
99111
22736
8948
78150
75455
46364
83087
15662
66986
59992
28043
18129
68329
83663
41044
31227
93930
8144
27359
1176
8569
49788
34582
17488
77453
47952
19805
35749
79401
34860
3365
92788
4722
18637
45441
36529
80466
76145
33168
77719
62319
33406
37494
30235
8924
74440
63124
27951
29538
15345
57483
53967
69260
11900
48005
40534
38511
64229
81858
26278
47389
92848
95301
8590
86235
89887
55329
24944
30195
13536
76323
38746
13610
22278
2151
20485
58752
84121
45799
73493
12894
3930
97373
96590
94525
26478
36183
81793
27538
50530
50941
27148
70822
88107
76926
76559
57881
50819
60072
85518
52070
70589
1566
67680
58825
92507
33169
51693
36687
23669
56728
5990
6307
66274
34383
79117
93306
90199
9621
94910
46861
46329
16633
75432
63147
88811
21379
31417
47988
31338
28668
39195
23657
9033
81307
57667
86605
36960
53652
72632
81286
75493
60523
76883
79371
60046
89584
92569
59548
76319
68270
30720
85630
74494
27856
70799
59016
20025
72597
88542
35297
31242
19118
21824
50844
85645
53521
64337
16803
94415
38199
39522
20268
29474
96733
39840
74822
61873
65556
53684
58247
85621
70790
14650
32323
39181
66333
57056
46124
84964
51956
85786
99129
66911
14270
26609
31925
8677
4161
32970
62023
33740
56934
60821
20979
13648
83258
7221
98215
88072
46995
92309
68254
24727
25386
41994
66528
34365
6753
87332
33124
65909
43344
17131
72588
10690
8644
46056
1921
39747
91401
39647
85351
83837
21904
78637
56241
61315
50324
38222
87161
15083
8658
85199
96349
37659
13156
53669
42559
72404
13738
41962
26955
56399
11788
1383
71627
47914
487
38589
28979
4620
7701
6722
57233
65507
89104
53469
96822
1114
74119
83199
87640
1635
46399
46448
68377
95025
5379
8500
8430
74389
97255
35525
92536
3098
58561
10858
2407
88997
87219
3328
29297
63883
19392
54780
71691
45420
77050
49381
87178
27801
22760
8965
69573
92033
95482
75069
75693
19200
71612
2956
97268
16262
12923
9463
94941
62308
32223
82406
97042
12848
23858
33876
35128
45305
46118
37421
98788
1596
4695
15383
71267
28947
60761
14352
54121
43899
45469
35438
53869
45795
22305
98814
65987
70288
13951
24061
45396
23278
43596
1470
3633
33059
68607
1555
76795
26041
91078
54531
84100
76212
79568
19231
87753
4181
89107
74341
25439
27837
48183
16885
55195
87448
61085
94274
75093
3110
75282
14270
89903
83233
94075
32606
65536
26563
7402
21170
18638
93750
26178
51099
96850
81564
41229
72840
45842
94245
29154
24964
13227
20065
8753
2661
92255
98731
36385
86199
18079
55768
96405
58766
45856
44232
790
82708
79945
81812
43502
14698
68659
5142
67990
46143
54739
70112
37812
75735
88665
88287
43121
56293
35933
93766
44034
72431
51847
34041
46867
80039
57546
82510
49970
93272
86856
23197
93412
27407
65959
67154
20147
83313
77046
14926
63135
33474
29956
1152
2660
47380
61505
6254
72325
63161
27693
99306
49932
10371
59450
37878
85999
63697
30852
16847
63409
23573
59097
35629
54552
56301
15254
83515
53857
92639
40194
70173
75781
65419
91715
5772
84751
46717
44440
14079
44317
65061
92416
60138
88601
91291
11248
8813
27198
3445
18811
49471
52279
56459
93402
280
4466
30380
43619
50269
70988
30295
81262
57482
86767
10650
19144
78754
96004
28189
75114
62477
658
73155
45780
38631
76705
81081
63095
34821
86337
40858
74131
85653
43071
94555
42478
44944
95676
48375
89853
24937
86580
75740
29836
64963
16144
87737
1449
34224
22011
32427
81837
12655
79671
91139
24087
21381
81738
927
95618
85076
99858
39085
44040
49935
82980
51185
71513
23530
77609
66326
87946
80881
96745
29092
17656
3543
2581
81241
16577
36686
39965
22406
6716
94265
9974
97295
17674
47277
58352
84132
30578
50210
19900
96123
71864
49977
39745
21657
34317
9383
82982
68184
66440
85308
1536
92793
85245
71071
99309
687
1825
95102
84441
32367
44075
91743
4568
86894
65756
76933
11580
614
24403
89633
89346
99691
29239
42493
60491
29355
93813
42180
65739
29684
40907
59397
42511
7373
93724
88215
86392
50792
76030
13920
29606
95178
17480
98628
54184
96841
55908
57752
36638
41366
9392
98212
49838
60353
6350
12403
80876
96656
38630
58637
76525
23664
15000
45899
90544
4236
71306
58069
85583
27864
96118
84930
6780
46385
64879
94771
86822
39308
35759
22202
34239
8490
13868
32715
75267
39734
80194
6774
81744
96037
10300
11237
54221
69872
15917
61133
89447
21263
74576
20886
72164
62097
23099
15002
45916
309
39879
95422
43831
48017
19514
84443
45509
10394
77294
30980
15815
23478
2288
44259
2627
69236
14862
37547
17558
25373
19686
81566
99337
55366
18955
55882
43218
41133
81102
75480
58444
86780
246
54013
98614
56162
77692
91280
40588
68680
94188
51703
3356
1781
97556
39739
26282
13519
45470
87332
4098
21268
90951
40479
8707
22192
85256
43482
84322
38350
76522
28522
10387
74642
80076
27321
64844
20924
66926
80895
11656
85763
36123
84585
52328
76344
85176
45880
3530
87967
90393
92743
33548
3820
48001
4597
41869
44762
37631
93976
83479
29517
1304
69495
64455
99794
43160
54718
58254
20698
63302
59847
89457
18317
65240
88678
24158
85267
52713
64345
270
9637
19149
76873
47132
73258
78107
27126
83407
9291
65191
41726
60958
62961
78776
31741
22726
74820
34838
82240
21263
67851
23740
87178
52056
44649
7570
50653
4191
90813
24038
42753
63341
1156
77978
24748
92959
28013
85667
84139
19324
19959
76186
60432
29398
64152
45580
55940
10054
82676
61396
6613
18330
33583
75215
99635
35503
21464
62255
67688
54477
79712
26032
67253
52373
85655
31368
28338
73117
21431
20785
24399
36621
45540
14287
60386
26225
81152
58389
87651
89370
2258
60746
44643
77676
72342
30887
18702
34157
32302
67932
26988
46968
71592
32274
20911
97461
96436
78501
61572
92254
27133
25800
27623
36600
18525
79681
31364
81284
95203
40559
39874
80033
97194
43804
46687
37698
42507
18327
30567
68045
32831
60925
1442
74877
12071
91414
77275
44966
63971
57811
69013
44852
84813
1993
41692
89672
38286
39788
34657
17122
66542
93527
18708
58005
60728
66853
49379
70704
62050
50207
5596
35845
1725
18289
68410
44269
14411
73265
364
55934
69233
84465
98391
62067
16081
489
93662
28274
59416
52723
52926
72967
54762
78278
72234
5541
3476
90253
85131
81154
91952
44654
46563
33536
18355
93968
65373
29171
36967
96746
69729
74840
87942
66333
1597
38919
18252
98634
46000
40392
51448
72110
62366
43895
32668
64236
66223
64977
26080
71135
21686
50321
72366
22904
58336
94721
25312
55032
10962
6295
2489
21690
72256
52203
41584
43233
79035
53706
79886
14846
4787
76508
50904
72280
73294
83184
92534
99776
88728
99255
79534
81597
11549
95083
46914
46747
3380
55129
10113
96654
62859
55153
59277
93528
27497
85732
2760
69273
24228
68986
96270
60112
56947
5017
59817
1388
72846
39162
75717
66392
75584
43192
88657
77701
99355
10438
71531
33800
43208
13620
13902
22719
68375
42756
39997
33736
83231
17257
56918
60123
67149
66296
31862
33198
62332
73219
46459
90798
45375
792
34617
25371
68107
52954
57504
10234
90974
7966
88213
13324
3221
65244
52890
77511
80602
55190
59205
43724
78551
95525
92364
90260
31048
86357
80877
9217
39176
74313
27723
33427
64809
97716
85021
53408
62642
67964
22145
71947
21418
41039
93433
69135
57545
56193
5178
14125
10861
99648
94112
66667
75003
32695
58583
44554
57365
35451
1695
76925
71189
50467
26996
2299
31629
66314
59569
6391
81439
55937
28216
31141
21886
61473
24545
8221
64699
65665
52940
76919
18603
72946
17170
71205
18862
83177
29111
39236
85948
95837
24888
81585
69228
87994
33654
93894
19643
14391
19508
11075
26191
29527
72092
81759
58912
48120
55971
66820
16633
31650
41049
88702
61866
51246
17716
63089
51182
83182
89584
98670
11676
64525
79418
67062
70043
46325
97626
44270
21196
58519
40721
1681
12484
65048
534
47686
76108
91397
3096
68815
92383
99963
41936
77425
61198
39567
52389
54643
54363
37506
13647
78728
46885
10143
18771
6714
87328
94370
36706
94821
53026
69397
46273
5529
36826
47996
28102
47313
88646
56015
13825
43421
35260
39468
78653
3959
91027
46769
89159
83541
2679
90888
88171
56978
22099
40147
15493
22329
68169
23585
60499
82804
17534
57705
71056
96010
80764
85840
96035
22443
6761
79028
61015
45398
166
31234
42599
91873
60941
62612
88256
5603
35985
13664
94034
73839
35021
13815
32618
17191
88115
59983
88774
94269
24060
31003
80660
33711
71476
32827
1623
97759
18801
96717
39710
28567
19215
41218
98621
95008
42840
99600
59117
71356
23571
46501
20914
49516
73581
16587
46858
37733
79704
31996
55339
28928
1213
71324
87070
36598
38657
45500
78981
86136
98750
55959
50285
20385
88096
44078
56857
93612
49212
92767
78493
6068
18412
43838
75567
27516
27613
59417
87359
15656
17879
48155
30913
99799
52035
85969
73047
24241
80539
10862
37327
76308
9343
62941
97115
71488
89324
50137
89680
74320
37031
51608
79131
25370
5782
9130
2641
83352
74909
42708
77411
94474
85469
26274
51695
13715
75285
5122
55978
62612
90108
50883
665
26759
53621
76120
49171
13640
67117
4581
26185
91101
25898
61284
87562
46809
65854
27958
85593
98515
78619
62498
4035
38219
21066
18666
53080
80923
29563
32901
62863
43122
55747
11931
95424
26782
77879
44070
85092
62439
908
79296
43081
91523
58741
43202
64528
17903
28865
69554
64152
82524
67891
6330
23846
24564
67886
21243
51519
17440
71292
1232
13804
72930
88854
9160
68388
83223
67911
17866
98617
58080
41602
76111
81839
35494
82031
49067
54642
14344
86386
39525
60836
77719
3862
42306
81092
48716
49871
3464
74987
57660
23992
7541
52541
19371
81015
39564
60386
7032
97736
52135
53517
83009
5473
91108
64317
67442
73751
56762
4903
17875
55132
38077
70255
2159
24444
76530
38535
82958
35531
67922
80292
80637
52761
26779
63447
68422
62068
84282
83230
67682
68821
11437
50108
13286
59944
23270
43537
7216
50265
96113
2764
44401
6513
85439
80933
44040
89882
8171
65638
29707
74122
85635
56851
56891
47730
39625
25532
50617
74710
86659
92229
43318
75571
16421
36634
57082
50521
18498
29155
64943
9513
1204
94085
63656
88275
94033
12686
76439
84696
48118
52060
60176
84848
4967
86337
23974
14014
5978
76658
40009
40528
39438
25468
72841
55175
68357
46555
37318
57332
64428
70459
21733
8661
91647
65076
72959
41308
15041
41850
57320
17197
41960
24712
77907
79669
94804
51357
76062
84383
73508
37638
97604
38815
19617
31040
46251
50232
78823
58652
86180
9807
89534
79157
99774
41509
50185
39984
68912
89241
87634
16881
5034
9177
98308
94179
18320
89293
1561
97664
53519
13614
42288
8543
60456
82228
27540
12649
86184
1902
49735
74257
54318
88121
90454
66951
60863
25887
11267
31321
4658
88490
71662
88741
795
27268
66844
30333
93314
87131
18384
12871
86145
35746
71793
54119
76815
50804
72727
44048
99728
13714
90214
27682
59212
38199
64228
8562
50890
44681
20261
55969
38626
32684
41070
74255
34876
3228
82921
1375
29232
27202
63959
82968
42501
69765
17084
10285
19098
53193
6982
78365
3237
27136
88221
62314
4856
59503
4686
54788
75453
52607
45188
4732
65797
12741
64934
71283
57527
12794
93006
59337
43441
6071
201
32852
14215
69699
40707
93487
64456
96029
57697
16510
88545
59763
78579
76119
60342
27262
84274
63178
55802
12513
18587
13901
69792
61891
29659
17087
66850
46448
9755
95779
46190
66796
96242
47420
24259
37451
66251
9155
80582
11114
906
29541
76671
72185
32333
98060
27037
36360
97586
83623
70118
81308
49757
64114
5046
38426
43249
95663
65768
79538
31791
19922
93770
5293
84390
75745
66088
99366
59711
92677
9564
43395
42821
60523
90480
89984
12083
16942
1727
59010
74236
4078
85789
34615
10395
18435
24045
49511
11058
37038
59250
53154
5043
72697
64996
31631
17018
20342
61437
74153
7369
18127
54063
83959
63415
33656
13102
69680
58566
47071
67220
1713
84787
35888
31944
89944
63713
99833
3288
51496
58834
25104
35480
13860
67382
75808
15226
41232
93711
91640
67748
85643
18461
58412
73882
55906
40728
59787
46001
41757
37119
79647
17452
17117
87618
96149
67469
43417
19696
6761
95596
70204
93860
47263
30036
51692
608
71254
21641
55885
55453
60310
37664
38446
45443
54741
6170
44645
21818
68509
53717
88036
48986
43401
96699
93571
45180
95783
16856
61197
94689
25234
45163
84339
28646
81531
64381
65050
73500
