400
801 1673 345
541 4196 6392
6526 3832 6381
6157 1776 1865
5616 6443 5552
917 5057 1817
6809 4832 3597
5030 3431 4929
3709 6634 7049
5294 4642 4484
2843 4435 6756
5477 5921 6682
956 7654 6079
2910 4327 6957
1835 3081 5993
2134 380 893
3283 7808 7275
4908 3145 4901
5708 4794 5918
3338 5524 2170
7071 263 4053
7520 1388 5600
941 4738 5388
6911 250 6504
7522 4793 5248
2282 4882 3910
1333 6217 7679
3559 4176 3767
5523 3787 4879
3255 3368 886
5011 1285 3216
1256 1219 4240
7945 1442 7390
2468 324 4256
1088 6349 6244
5999 5407 4055
3256 6831 3446
4565 622 6113
6766 1522 2808
3407 2926 5975
621 5269 7438
2936 6876 5706
5529 5948 5837
5425 5637 7325
5542 5171 5463
2235 4469 1333
6106 5842 6046
7139 5503 3582
7016 4226 313
2643 6448 4324
6900 5026 1226
4874 6422 2453
3753 621 7724
5875 477 6234
6937 602 7956
4017 7911 2514
5254 4957 407
7480 3771 2256
1373 6039 3002
3300 6084 4081
5321 5352 6807
6118 1834 2956
3076 1534 3521
6812 1277 4449
4848 1250 7145
4918 3758 4589
7317 1977 4823
7395 2219 4636
1613 1177 1306
6656 4311 3652
6262 6139 1467
6512 6985 6179
4780 849 5412
7004 6533 1017
270 4841 2125
7103 2668 5100
1272 7036 6657
2500 1846 6370
4332 5020 4067
4914 1138 6243
2881 4883 1674
659 6432 7367
4685 7986 836
2518 4410 4861
7440 1382 1055
1409 7957 889
7267 3672 3565
5571 4113 2648
4890 5385 2588
3425 1231 3960
4850 7141 1596
5968 4440 3975
5755 3512 3891
4334 1239 6225
1522 314 4944
3666 5792 367
6593 6275 5777
1809 4015 6888
1624 4218 7171
5818 1013 1897
7277 643 7758
7987 878 5705
4566 4827 5833
484 3147 2966
7256 3637 231
1666 4365 5572
2302 2340 7856
3025 3885 4835
4074 1372 3498
5266 5849 2312
6994 2941 1615
1487 1503 4184
3483 669 4580
4971 2787 2962
6393 7282 6695
5037 974 5151
5335 5628 4999
1328 2244 2542
6007 5383 6391
332 3270 5402
1147 4649 4998
7221 3418 2832
816 4775 451
4551 2191 3897
5291 7702 5138
7337 779 7781
3625 6361 7768
3506 1358 5086
6601 4625 6863
5210 7178 2008
5301 3800 825
4683 3523 5981
5884 6336 224
2835 7111 6709
1359 5933 4523
1836 6794 5809
1032 2675 3292
6143 3468 1404
2872 1445 1543
5058 5218 6112
6635 3778 2231
3650 4770 4797
2395 3454 417
2876 7490 1568
7878 546 7728
3600 2051 7217
1668 3751 7747
315 4506 1002
3252 5050 6788
3716 5744 2741
2264 349 390
7528 3141 5485
6075 6417 7791
4807 210 7044
6758 540 1661
7022 520 7885
3774 5627 3045
2634 371 4237
7887 3309 3239
3746 7042 3422
3606 4230 5213
1919 7994 2321
6422 2812 3129
2714 1792 7251
1990 3131 6326
3940 1415 6871
767 3547 1025
5200 7137 1096
3799 953 5574
3497 3082 7699
1402 7562 2119
3749 6784 7790
6634 2471 4775
1401 1653 560
5051 1573 6624
4983 3668 727
6873 4808 6344
1978 936 4232
6737 6529 6282
4257 6511 2888
2748 5005 2634
2589 6582 4450
2396 2221 5227
6915 646 596
1817 282 6231
3222 1861 7491
7281 7628 391
1209 4187 2322
3308 6732 4135
4020 7938 6201
1548 924 2268
1878 2869 3241
6614 3247 7737
1319 6834 5122
6175 6389 4409
2833 5900 6537
5154 2927 2947
1249 5071 213
3198 720 989
1904 2620 2214
5997 6997 1646
7408 3138 2197
1034 6193 3824
3965 4901 4112
3935 7247 1692
7893 5237 6943
2415 1353 6089
5012 591 658
3897 7985 6239
5166 1253 6271
7924 2180 611
2781 5191 4263
843 4322 297
2700 5328 4905
5730 1611 1448
1549 6262 1134
1937 7386 7401
3567 7905 7274
3231 2114 842
995 3286 5037
1557 3888 930
6322 6112 4446
5262 7164 6869
6263 1417 5127
4529 1924 6457
3287 2355 1525
4601 7956 4079
6501 1165 4477
4084 885 4843
2724 6505 1107
3109 4524 3536
458 2618 5937
662 1986 2576
2709 2961 4449
7309 6569 4290
3580 534 3054
3313 4661 5413
3926 6872 6068
4374 6942 5055
7955 2104 7740
6290 2547 4382
3678 6526 4200
1020 5857 2867
4410 4919 2473
5180 6485 5685
3169 7448 5305
978 5318 3137
964 283 5274
3760 7735 3178
7243 3092 3861
3047 5440 307
3119 2375 4728
2193 2488 5072
969 358 6933
2246 5585 1943
5303 3924 3969
2384 6327 1102
2530 4279 4280
5188 4303 5960
7981 6804 1980
1423 2368 754
3386 3949 2418
2923 5767 2350
2359 467 3308
233 3456 7776
4994 6028 6814
1285 2202 1762
7750 5384 5451
377 5896 2436
2204 3157 1636
6053 289 2328
4849 5918 6372
4414 429 216
1927 3010 4528
5183 1603 2369
1069 2441 561
7432 6009 2732
4942 4417 3634
6853 2331 2899
4003 2644 788
5472 1299 2725
4639 7854 7122
5091 5711 5594
6361 6354 7028
2627 1808 5666
405 288 2067
4480 5017 462
577 5199 2379
5199 973 7872
6302 4161 7586
4146 4385 3059
3805 4754 6022
3051 1674 3158
7255 7312 2230
1014 4958 7678
5288 2713 5474
2887 1348 4959
6673 1237 4021
7149 7213 5382
7504 6708 2440
7330 1861 2508
805 7468 1446
3825 6256 4459
2398 7185 3736
1276 6384 6369
5952 2687 2270
1617 5303 7107
1107 5319 1864
3779 1725 2607
1510 899 1488
1589 2089 4083
2854 6863 4465
7193 3559 4337
1196 1626 6395
4826 6016 6067
2873 6781 6158
1785 5654 3399
3154 1753 1567
6413 447 749
5840 2482 5540
6914 5171 3155
1055 6932 6292
6097 5592 4812
2376 1157 5234
6305 6138 1822
5259 4289 5266
2641 4361 6431
7740 5616 1300
5277 6898 6342
4615 2898 4246
2990 2111 2023
4535 3883 3548
2067 6084 4600
4597 3223 3364
6253 3137 6112
1174 1439 4431
4923 6823 700
993 6523 4217
3303 1504 7843
6044 201 7545
1340 3987 6977
7302 7052 4365
432 7366 348
281 6480 260
7268 452 2331
5714 7191 6086
7047 6343 5386
4927 1196 3733
5832 4794 2015
1784 1554 7593
596 3224 2843
7823 5482 5578
3282 1618 4621
271 4306 6648
3575 1779 2834
898 7308 7812
6674 6179 1451
406 3082 3059
2205 7050 4261
6214 682 3289
2496 4092 1570
3787 5655 7105
5628 5590 223
3281 3024 6868
1227 4460 2723
5759 3439 1092
205 1767 4770
5707 1954 7692
6463 5228 3286
5576 4016 5253
6315 1199 7335
6990 4433 7251
3822 7455 4688
1459 3318 7805
6551 5600 7922
7835 3887 6185
2158 3156 6045
5816 5001 7051
1813 6715 2878
1350 5072 7644
6013 1229 1296
1712 3449 3130
4702 5731 7423
5829 2871 4066
5734 4082 7412
3360 3458 670
3161 1696 3327
3986 3477 3152
1633 233 7058
3157 4308 7167
1441 1343 4484
2704 2395 1205
6972 7441 3139
7773 4291 6971
4241 1250 1014
7578 2267 4020
338 7044 3275
6069 2217 2599
667 4943 7490
5868 7836 3346
