100
7402 4268
3867 8925
4917 9884
8863 2687
447 5049
1599 6472
6595 2875
3988 7487
9239 7286
4184 7058
3101 22
6278 6123
827 8273
8156 9823
9778 3342
6752 3664
8905 1580
6155 661
2605 8306
8195 6816
4679 6101
2771 3484
7941 8474
8696 113
1493 4489
8513 4035
5298 1400
6587 699
4683 3307
7739 6795
8037 5016
8782 4814
1403 6187
1388 6909
117 9898
2966 6247
5424 5498
1220 9799
8871 8671
5501 8782
2845 6149
29 2719
1989 9129
8043 350
4351 8600
6743 87
7765 2944
1493 977
8442 6008
7230 5296
2616 5426
3811 7083
5580 1108
7548 2020
3238 9206
3186 2111
9503 3658
6306 7009
729 1073
8388 4322
1873 4468
9498 7750
7098 7430
6022 6203
4311 8256
6477 3442
8330 5177
2624 8412
6788 8018
715 3700
1070 1042
4487 8550
4729 2559
8780 7543
9312 2543
7321 529
3307 9030
3108 2954
1814 1518
2565 5404
793 3730
8766 4008
2556 8560
3121 716
1116 9517
9660 8346
614 5226
6602 4665
1359 8215
5799 7159
4611 1857
3024 9409
9001 7834
7362 6261
297 4255
1425 877
4074 8993
5043 4904
8697 8999
9248 9091
