100
5637 5577
8250 1677
6442 9158
8421 1164
1895 2647
1146 3337
5609 6401
3329 2472
3022 2831
611 1651
5081 827
7414 267
5431 6223
2358 9216
4084 3801
3300 4307
2550 1418
6354 9258
1976 1212
8315 9037
7964 8064
2243 8766
9402 6535
123 7290
9648 5361
5668 4802
1642 4002
7199 6475
3263 4518
9930 2480
7843 6036
9415 6300
1428 4018
5704 3791
1358 7574
2194 8628
2473 7429
4830 5581
4942 5050
2968 1003
7287 3044
8255 9009
6568 9558
6325 595
5925 2035
4329 7327
5763 3940
6064 9158
6525 8470
7434 7515
6754 7632
2289 3061
1140 6314
7511 6079
260 234
2119 1458
6555 3427
8030 2963
6102 2324
290 4898
5850 5120
2036 3933
1855 9922
2946 6328
6461 1488
6794 6244
5854 1473
3604 1957
5907 7171
6889 5298
1500 6524
9649 1097
2597 9729
9750 699
5435 4867
5656 9077
3831 1619
118 2936
9182 2976
1141 7981
4487 161
3606 8517
4774 2787
972 1236
5513 8623
1710 7601
3211 5815
9891 2583
4141 2424
7936 6490
6334 7061
9245 4822
247 2576
4620 8548
1385 461
8767 4921
2380 8661
1604 2879
9375 6299
464 14
