100
3991 7068
8805 8666
6106 1324
2187 5214
7993 9687
7179 225
9840 1421
5747 809
1721 1752
7207 9262
1232 8990
7777 1488
5849 4981
6969 1003
7638 2029
891 8288
7184 8985
5156 4842
2119 9283
5187 8874
5019 9649
235 4328
6288 6213
8312 7523
101 1090
8624 6160
4593 5522
9658 8573
6570 4507
9412 5211
6953 2648
3371 5340
802 6583
3596 6721
5189 175
4857 2518
9529 7246
8039 6282
9408 3449
113 3968
6458 9598
4934 360
5327 257
8912 7538
1927 5143
6010 41
3606 8674
4267 9512
1616 7636
4129 869
3963 8547
6041 7295
5842 8969
7016 6571
6011 5753
5756 4178
4978 53
1789 9442
2823 417
3256 916
9075 9092
4095 5043
2958 9392
5408 144
1144 9636
7356 3640
3472 565
2765 8228
7631 776
9513 8453
3287 3682
9661 7458
7179 8251
5353 4448
9088 4499
3249 1760
5875 9597
6493 9535
9884 6813
9045 3396
4891 1154
4892 3217
643 7148
1221 5727
5598 4133
3103 7573
5552 9945
4008 3685
3102 8323
7845 5604
9407 7921
4346 4731
315 6618
6226 2212
4995 9924
6007 1401
8201 2907
6733 748
8271 1655
5331 1201
