100
9052 9101
4722 2349
2501 1986
9016 1782
6376 2667
8243 3446
1178 4092
6629 7006
5017 6285
8355 1927
7989 3587
4275 7520
7368 1574
8645 7540
9482 1633
1503 2653
4785 7108
1109 4176
8139 3220
8108 6048
3028 5821
2264 6445
6217 6166
4112 3044
8630 8716
4417 6111
7471 2657
5793 3744
5069 6700
2792 2101
4956 3826
6321 5892
6842 8717
3553 5023
9962 9726
5025 2711
8626 4542
548 2005
3163 7772
7364 3050
1460 2099
777 3733
3973 67
9221 571
3320 924
6707 1875
1154 5996
791 6090
4963 7606
2153 5572
2980 9684
4160 2605
1852 6214
2610 9681
4905 5118
978 1296
1158 8130
430 4160
6868 4837
6808 905
1836 3850
4398 5523
2972 6134
8016 9930
551 6913
4664 7461
8788 5469
2757 2564
1202 6331
6659 3978
8529 8484
2082 350
3999 6133
1218 843
4064 6008
6839 6072
3242 5837
4367 6116
2107 9232
8288 8003
295 4123
6764 915
5859 2763
8808 9114
8980 8244
3953 132
7020 8548
2780 1952
9612 7324
8125 7892
2259 7270
3434 4856
6401 9837
9081 4758
5447 9483
1166 40
5355 2944
4361 2773
9335 3355
6177 7188
