100
3756 7744
2770 23
2242 8653
4270 7897
8485 5916
1113 6974
7433 8317
4383 3590
4339 3509
9849 9310
5751 6094
8436 6181
1843 7372
3153 7901
6840 8418
6106 5798
1862 9256
8175 1681
9971 1341
3811 8335
3102 1189
6888 2104
1745 6155
7977 2067
1667 4112
2940 2768
5255 5115
1514 5975
7796 5960
8961 5047
6427 516
2317 4443
2523 6823
1572 1298
7490 9248
3980 9936
7124 5180
4989 9616
8900 7113
2916 5058
5052 3052
3873 1321
8826 7606
8288 8636
2495 4330
2090 9971
5855 8772
975 1871
1492 5632
2251 2540
971 3280
5328 71
6967 5466
7784 8077
3579 2370
6816 1574
423 6772
214 886
7794 6888
7323 7843
5213 2376
5454 4569
2203 5723
8717 6408
1100 4095
5596 1819
7649 7163
3575 6258
992 9522
6959 3759
9940 3020
4321 2859
3094 4357
2148 4299
4289 8647
2951 9446
700 3940
8857 4560
7805 2949
871 8030
8560 4932
3289 6422
2138 6548
2198 8266
1278 8383
4041 1518
476 6039
4955 4910
2570 7599
3571 6301
9404 3366
630 9361
5750 1502
2315 8881
9947 8346
25 3723
1951 7497
8219 554
1926 9639
3220 3296
