100
590 8610
7543 8753
6909 8357
4822 2979
6824 5781
8692 5592
2886 5971
3321 7133
9291 2047
7357 6118
9908 4500
3280 2148
2028 869
8006 1337
7790 8804
9027 6673
3269 8912
3889 1019
6197 4541
772 8986
5375 8848
1795 7555
9338 9312
6430 6018
9259 5927
835 6725
1433 8186
6191 5705
1073 8738
778 2222
5244 5845
7990 8227
4353 7272
2603 5112
5164 211
4468 8512
7324 8035
1249 2066
895 7640
401 2210
8830 967
9097 9303
7478 6866
4013 7701
7684 9375
9080 1176
8647 3514
2211 9145
8748 4282
8962 3407
8003 4257
3141 9055
381 6516
1995 7143
9220 2316
3768 2656
4661 8280
418 8327
4853 2051
9257 3105
6320 4344
8052 3796
5455 8461
3925 57
2170 4339
9757 6823
8637 1313
9748 4983
3812 515
4811 3243
6052 2024
7229 8192
9060 8323
6831 1566
2912 9873
4817 5677
1834 3923
7455 6555
2620 7788
466 1164
859 6335
8154 3924
1523 8412
4421 6347
3896 5471
7483 8936
9819 4809
3478 3641
5766 230
917 1293
5050 4628
8551 7040
3757 4915
7030 6513
7088 5209
5690 5443
8185 6374
4069 9009
9139 9528
9298 5888
