100
347 9650
2626 5868
5627 8139
943 6881
9813 9007
8469 2152
2665 6640
9506 7382
4307 2491
136 1180
5327 9927
5811 6465
8543 5017
5620 5326
9377 1031
2034 7608
3980 5357
4060 751
2088 7011
1809 6563
8824 8155
2755 4850
4951 3859
6863 3155
9029 6405
6078 7125
7175 9804
2185 1514
2070 8906
3646 3218
5781 1582
580 6448
9132 5657
2842 6262
144 8860
915 1357
4282 7106
4023 7631
2925 8850
6422 9590
2372 5668
8930 8886
2688 1693
2176 8274
1165 7520
9276 309
6845 7433
4771 968
7465 3100
5410 431
5364 3322
8378 8924
4171 8672
5664 1782
2211 9230
6838 627
3235 6449
7874 720
9903 6480
5665 3587
5885 4245
306 9754
6892 9689
4725 422
5129 5294
9004 8633
3620 5955
6223 3325
8144 5981
7309 7642
8339 9732
3735 9187
773 1021
5244 7304
2131 9660
6974 1611
6074 5019
7732 8150
8149 3177
9433 5021
3037 6474
6822 9711
3987 2689
4445 1872
810 4511
7883 3783
3571 4002
8601 1597
3341 5368
151 4749
4288 1974
2666 5145
2217 4281
4607 1250
8231 7214
6059 101
8788 6581
686 6568
3417 1486
814 685
