100
6514 2697
4741 8970
4628 5220
423 4224
2334 2112
2026 7574
8154 9844
1404 1592
5163 5167
1865 7675
1652 9912
2150 6065
430 2829
1878 2662
9724 9992
9602 1793
8167 190
1415 7318
7788 6811
260 6148
9076 5148
1063 5024
923 7779
1854 592
2389 5597
1360 5475
8070 7736
6415 7915
6611 1297
263 3211
3169 343
3888 5755
9630 2154
5690 5787
5047 4179
6931 7282
656 555
6548 9241
2392 9419
3032 2242
479 6339
8340 9107
1458 1806
271 9205
2094 6510
2646 4155
595 3975
7230 7798
6992 6086
6423 4495
5097 6008
8513 5544
2094 2341
5095 1339
6232 6018
3161 3529
3811 9950
7927 2273
9085 1656
4651 3353
8994 4614
5112 3776
461 4524
9707 4370
6292 5986
1666 7167
9579 5818
9724 1705
5357 6971
7459 3905
2613 9769
5507 1772
3299 9456
2801 1797
4037 3075
972 9117
3461 3032
2254 5333
5142 8008
2205 4510
8354 7736
3314 2932
6242 4710
536 1907
8698 7047
8618 772
7815 3933
5663 9199
4434 5073
7582 4760
2525 720
5334 611
3271 6016
6548 1122
5481 2118
1816 1864
5111 4383
2667 8033
4712 404
2581 6965
