100
1246 5963
1624 3538
1151 833
7802 4701
2346 1286
7582 4198
2518 5759
8018 3135
4309 8933
9761 4009
7291 3518
5307 1588
9626 8066
950 7293
3300 2080
4494 3805
5613 4368
6186 1992
6226 2189
6506 1113
2609 9624
9199 184
2901 4380
6426 2687
5200 7684
2245 9075
5442 2341
5616 2963
3559 397
7223 755
3800 6665
308 9656
9942 6233
3853 6868
2627 6301
1503 7982
2175 1842
4179 8018
2267 3582
8136 1768
5717 4325
1954 8491
4493 839
6074 627
4492 1610
6120 940
7168 3299
710 652
5724 9321
7904 5228
9395 972
69 4588
6848 9848
17 9795
9493 9411
2083 3296
9414 4284
996 9011
848 2924
3655 7943
4911 7024
2678 6089
9754 4864
8235 3539
2043 5225
6528 7590
7785 1601
1017 4383
9956 5792
3839 748
7057 6891
2613 5019
4910 5963
2304 4380
6707 9783
7483 8013
1372 6320
8189 4946
6257 7862
1798 9195
6569 4825
2782 150
4944 8146
5911 1477
431 5553
6547 1241
3563 7752
5686 8819
796 3019
8666 5750
3842 7636
2985 296
1674 4329
5675 7645
5421 7022
2493 9974
141 5585
9226 2506
6076 5298
2236 2553
