956 756
9733
2766
3413
7702
6732
2174
8199
5266
1576
1166
1115
9705
765
6714
946
5217
109
6089
7828
3340
2672
1374
2508
7512
2529
6586
3349
7931
8368
8710
3575
6606
6097
1693
9679
9089
3938
7734
3020
8623
8540
904
5570
843
1915
3443
7379
2965
3485
3424
9350
2852
8713
8279
7324
681
8598
1775
5474
630
5748
2880
5553
8316
4226
7447
2446
161
2563
3847
8849
4481
1767
6818
7267
8495
3533
3878
2800
2761
7053
9125
2122
2052
4886
8658
7590
3058
3167
9204
190
8997
4481
7775
9477
5833
3740
1693
7253
4158
308
5736
6972
1401
4760
5780
8032
2376
4642
3934
9201
9103
6610
2707
7199
8019
5128
8349
6990
8376
1309
4153
4435
6201
3242
7380
2572
3802
8862
5483
6739
6150
4791
3993
3627
5562
1301
1569
1735
5007
3834
5146
1988
4169
6653
4904
342
1454
3228
6024
9696
1033
6369
3903
3104
7716
807
2179
4699
7983
4535
566
8163
994
4970
6275
4235
5147
2782
8487
5748
1508
137
5983
571
2481
1404
3922
1843
1955
2801
7699
8414
6263
315
9556
4603
6266
9698
9621
7680
6770
7635
2880
7360
6024
5858
1161
549
3648
7394
1526
7529
7558
1759
9362
2414
7260
5267
9903
4706
4369
8579
4157
267
2612
8923
6305
3218
5255
1923
757
9882
5760
4839
302
9364
3174
168
3847
247
425
6577
8451
8243
4853
497
2733
542
572
8448
6669
1108
9703
959
3455
7175
1525
4279
2269
6122
1901
8686
4667
5780
1889
368
1212
8453
1319
296
5543
6570
5740
4332
8985
3442
8394
2526
5293
6038
4659
3031
1072
9420
7763
2309
8122
7257
8435
6623
9246
212
6487
9385
1127
7403
5604
9053
9960
4199
6082
5981
6291
570
1892
3552
5321
349
7225
6308
6206
3363
9499
130
3797
1840
2865
3825
4171
5279
5782
9294
1794
5774
8545
4269
175
4545
1152
3297
3689
7049
4182
5489
4365
2080
8049
6461
9663
3010
4910
8394
3885
3830
7167
3854
7848
4487
8034
9336
2588
5484
6286
9573
5540
7122
5506
2059
4355
6250
3120
7480
8133
3218
7764
2800
6577
3688
1700
7179
9319
7478
5474
2727
6341
4297
6015
3459
7549
7270
1538
6222
662
1882
2327
3139
6924
6062
8060
3375
4678
2877
6460
9942
8909
8220
2305
7156
3391
4083
2948
8347
3349
9071
9572
2237
310
6537
1646
3615
7764
9350
3766
9232
9836
1689
2927
8909
7965
683
6085
821
6063
856
9301
8688
2586
4713
3997
7013
5088
8578
1378
1776
9948
6608
3788
7947
3294
7369
7622
4912
1663
9089
6204
7682
9541
3169
9204
9570
2850
1153
1315
5937
8909
5561
2620
4019
1677
8672
4687
6856
663
8667
5053
1924
5279
7772
6004
9469
5250
5719
7948
9376
8442
397
9958
124
6530
9070
665
1069
7294
5578
168
993
5453
1454
3306
1711
4845
9281
6331
1882
2710
4140
9931
8718
3139
1675
840
635
9048
8900
9772
8013
3766
8734
7911
2994
8690
2573
5147
8761
2446
7333
7822
5636
1100
6732
4895
9129
4383
976
2153
2165
3455
2762
6797
619
452
8226
6337
9780
4797
1685
5254
8741
1818
778
1400
8815
6989
5275
1310
6810
7370
4502
648
2463
7430
5144
8301
7751
9242
3669
4146
6117
3964
9099
4322
2387
8216
1719
7799
5110
5657
8193
8824
4909
5771
8521
8259
3466
4948
9546
3704
4338
865
3846
9495
8697
3893
2893
3166
7236
4375
5065
1249
7831
5346
4617
4769
5207
2528
686
991
962
341
4502
7863
9918
8836
9981
6241
1727
7963
4889
7053
5537
9885
5196
1538
2846
3688
7958
3808
422
2363
7265
2981
2747
5352
5403
121
1919
7262
5690
7280
7255
3897
3961
6725
5321
9983
2390
817
9535
9670
3412
3881
1738
3266
5853
5031
1620
9870
1686
5013
3572
4997
3821
1457
9382
6120
5858
5895
7191
8540
5838
7475
3569
2751
7552
5008
3070
5319
9954
7652
1054
310
6927
4661
8497
7621
4924
1651
5238
7447
429
3332
1829
7039
4964
8372
3832
7254
9493
7071
1973
9539
8849
5202
8477
8033
8841
796
9193
7562
8507
4556
9570
410
8101
4604
8182
9896
2389
9341
9095
132
8115
6701
3280
5384
8576
1965
1967
674
186
5612
295
5016
5867
9208
5525
1602
7512
8143
8962
6651
1704
520
4151
2542
2044
4939
280
2593
532
8407
5751
766
9116
1963
7565
7755
9694
4897
1252
7457
411
7162
2375
2042
3258
2525
6280
3113
290
9153
8682
9973
5132
7164
4916
1363
9067
3761
4664
5533
6234
5120
5167
5379
8216
8927
8784
2057
1944
2682
8496
3547
1529
9281
5100
4485
8201
5528
9307
665
8634
2185
354
1248
7308
6240
4220
3603
5698
6281
1787
6156
8358
5679
748
2664
9913
9870
2366
5931
3135
4023
4566
2757
421
8286
1762
8856
302
6832
6095
8802
5944
7723
5255
4703
9747
608
552
2577
9711
9102
1927
8309
777
1698
5578
5544
5347
1122
3290
1950
3684
3020
361
8695
5986
1419
2043
4550
2894
1255
8148
1116
3292
3657
2691
6966
3790
9322
9695
6420
9330
2042
2927
2439
2722
677
8222
6860
2505
9315
6865
7871
9562
6589
3510
1529
5144
2339
5976
7017
5104
3023
8874
3293
5458
2605
4988
1669
5952
7241
5436
8405
1574
4462
1152
3177
7195
3060
9473
6984
1017
3848
9098
8093
1838
1841
8232
2070
9081
3159
2844
3134
6793
113
9652
7192
9427
3096
6218
7422
438
755
3576
8201
3386
6668
7364
5860
1591
6908
2063
3023
182
3923
5951
2826
3212
5045
5034
6541
1467
4215
9481
2716
7713
5418
6486
6243
1610
9036
1482
8483
8165
6741
3859
8582
8551
9915
3410
1326
281
5685
