430 17
-314
448
-921
280
101
240
-116
-152
-1000
719
-218
-539
979
879
324
54
371
774
-677
-252
872
-404
753
-870
626
-109
-824
368
262
779
-797
770
31
916
-171
235
962
-968
-202
-700
-761
-396
-314
-125
-254
-312
-918
-1000
338
993
-505
453
167
989
-282
536
-682
-681
850
-165
699
-841
-539
575
-372
-950
-267
-405
894
760
-174
-202
230
756
579
-667
-15
-570
748
-452
-206
1000
-505
-83
-29
-696
202
817
423
775
-991
-979
288
262
474
978
859
887
748
299
-800
7
513
839
189
816
585
181
-227
140
97
887
-232
-753
650
890
604
-601
155
257
-421
12
-905
-503
-61
150
-424
-425
42
817
-228
-656
-86
-335
-706
929
29
-942
763
951
78
-73
767
921
429
-857
172
-195
-720
490
160
427
-185
698
-453
-639
619
-246
-485
481
320
333
244
-570
-644
-184
142
272
-466
90
-641
6
206
909
941
603
860
913
-600
69
-518
572
564
-551
-125
366
335
-843
645
-848
70
463
-799
597
864
-958
-364
-721
-405
618
575
922
-10
-837
306
-701
-96
-98
-523
-226
345
134
44
-597
-372
-604
121
-621
-673
41
217
840
120
827
972
704
-713
-733
-101
-789
-349
148
498
498
-398
381
-772
838
-646
154
-168
548
-800
442
793
-312
556
500
519
-749
-269
-44
-994
540
267
-399
328
499
-416
-52
547
889
-916
101
456
-650
983
264
-5
-626
-16
818
846
-507
190
-828
428
-7
348
-445
584
417
-296
-147
-399
733
-996
296
733
585
247
402
-464
-673
-942
-362
-629
644
-800
507
-290
-652
62
973
-33
-409
89
-657
243
726
684
-560
530
425
-727
-957
387
324
-255
-982
-338
-735
800
372
-575
332
-768
258
584
33
-342
-306
-635
-256
120
-180
881
280
751
-933
-981
-748
-988
-53
535
-869
407
-288
646
-259
-741
-588
110
230
-526
-61
294
-411
107
273
444
549
650
271
-801
64
-795
-671
823
603
-313
285
189
233
724
712
665
-556
257
-392
-629
977
-338
-686
399
-486
-152
-1
587
-905
-64
-345
925
365
901
376
947
372
648
-138
515
-991
-203
-355
879
-937
-61
397
77
275
941
504
-739
-858
734
124
764
-161
-807
819
-206
618
-612
717
-1000
-500
691
520
-653
879
