10000
19083538
78125028
48807432
50120650
80777408
40172871
1245590
50160824
46281299
58939326
26040286
74809737
53991262
56724627
73706943
87423486
60746170
71166282
66370794
88724127
27953386
74759506
17987583
99134177
72152939
23033506
99265453
31873250
97442410
70526547
35051498
47248386
17040289
80249031
1147987
65219987
78334532
52897011
64061589
57171933
27826702
46965376
68710296
50096613
48192680
75599943
88443853
78946663
70496162
30405521
72944984
18042183
10732634
1242922
63736879
7961098
69793678
87602613
81501717
887046
81573518
99410337
63942392
73426621
96785261
53560617
73791254
13911933
47644178
52845831
22561634
11148154
5200002
29122223
94810049
4926442
2476290
76489242
82982153
87296969
7466557
83352409
46281843
59105092
7400970
13344216
83776887
78827144
13395302
40601065
57344445
30372390
82788735
45090181
71343362
87531669
55574891
33273819
13667014
9590638
14618555
74477435
83753337
88123454
34142619
4661086
66294594
91946045
34682595
90946717
43918837
62091558
21335214
27646304
6128605
71567679
83783000
37315674
51562041
99640234
44375490
88500100
43635406
2585166
48874132
36261527
74740648
34806213
46629027
8904401
22159817
12427865
39850504
90424078
81423202
62149677
58382992
77411810
20886240
41651597
73618059
34635162
56153948
42186990
73399884
39540345
84108255
41755901
54228535
42616534
81427455
49415371
6317471
35288568
1238966
35499470
50163691
89310808
60974467
50263948
29970362
6776891
87011112
1233722
39162125
50629341
62508889
65972815
92436659
17121150
32343035
39060872
98154254
13182547
79686431
87271558
96805360
9694987
2536907
1237310
79349874
51212832
84289569
63493793
83645847
55768221
32074426
19595827
45592654
92688829
92020361
33956231
45426709
39508637
72753604
79183487
6905490
94009871
69828269
8687222
50061181
59584309
6028534
54148701
42244045
65948360
1254146
16468950
39972254
95207739
61625017
11796166
38896946
82184153
52463709
78413570
95044003
72826768
16038855
65878848
634332
56937025
31708660
57760398
10699122
1284733
45191237
32017364
1253962
33842572
94796102
53911863
9077899
19665731
97056281
22658235
49543667
94823090
73022258
26026489
60651689
14299508
59566385
7463624
25224955
77476765
3393639
76052147
44278909
74802308
63308184
1240622
9802894
90654624
93018721
12864785
80422865
61045781
29885409
64321923
92823169
6712297
85934139
65021897
4047335
45837874
15208228
67935867
39906949
25297319
53518777
84535388
95500096
1260126
44002727
90098383
8229063
28562632
49635045
42207401
92941981
60781856
8888721
97378456
41771686
69989454
85121021
69884282
20980805
40354690
74417132
84999734
20017226
8554044
69216713
62769881
17521523
84030749
1245130
14013967
25806672
2836597
22736658
9108780
80876273
59030175
791352
72300041
40297330
66990350
95498663
92017341
46401032
72063796
52693322
2465882
34154972
2479480
64334289
6452282
75110736
32798530
71464419
71956316
60970711
52852169
55614413
41780965
66209883
68222623
57739293
42626561
33872989
78522430
838553
43256312
95658682
93589115
2702998
21144125
6738462
91474047
52374465
69609738
31352225
1253410
96022261
18074439
70570322
55651162
60698089
77545149
29553057
96272482
40043316
72415581
27890441
70925197
17622265
98969657
28803612
4602647
41515480
40307801
56141759
27077717
38621620
1237954
45986841
28557486
60250392
57632118
36828440
16361624
34754805
34777080
29988549
78651788
18823398
44475226
83697640
80731724
54469756
14111805
8331890
81148532
5212662
3991417
68464785
93929248
86502111
26339096
56572689
44014970
9989851
78098525
69887886
96912089
44480933
83714423
91998095
19275806
12178025
76786388
31327091
73564229
13145649
99210006
52424339
84449424
26782393
25483162
93962343
86012060
48135092
13947875
80557731
26376635
93259434
92051941
836169
59301596
9143821
86573403
88623024
5428166
40684894
47807757
92617825
64496518
25507821
40458439
22925108
44219464
6449367
18861549
24278046
3422339
62895834
10843318
1244118
82800183
1247163
93021109
6430834
28801994
44625212
94927219
60752597
63039708
89047747
66596745
82124101
1184970
52256772
69747561
59331120
61099683
91142775
88949813
1266835
48210284
87884266
12663862
86258197
95323601
9132640
86597808
89386597
87737775
55644360
74494103
39809253
6146690
35169358
19412237
1242738
21875254
87306369
78428769
11569601
22840415
86676380
6375093
1238414
80790652
96764262
30729170
57400918
7138728
74787060
51340985
61078477
79724940
51607347
99983939
72253491
13048184
52863660
75445725
13937512
39028877
90755649
60235641
12367689
68129940
66358472
64353520
39882285
51162606
55725013
57305016
16024751
58539631
32396972
2748323
49558657
29771534
63480641
42357875
78534769
65268969
64091762
36825325
99094396
62117275
96144569
47080358
4631114
77448806
90104886
97051007
19954657
3425092
42452490
1653494
64681039
68539385
9483909
5520392
89819052
12899084
15160383
93462172
39485760
19661516
91473949
31275561
86515233
74349259
45009683
64852795
90252612
1248718
91450223
68825034
1246878
38677252
41632354
34055090
76060731
1239058
19347581
64645916
88722657
65155039
37174673
87879976
69094478
49061914
76285864
82533489
55468245
59942302
1259850
61165637
60862358
49713707
62305931
14562490
27093640
91009831
91667249
81887439
92362981
41109314
14118693
25119188
90082786
24101651
53288905
43249610
65622049
68974335
45572310
10492036
91422121
12580533
1242002
9910673
90790582
24573012
36385676
95120889
64206406
25220055
62728013
93137907
13076586
30910330
39723377
73480012
71545296
7388287
7133949
29075896
10000940
61766874
83149871
43223021
25174978
85131588
25043521
18568343
68094762
50046869
59552703
74486410
42318848
55133238
64608367
11778937
55127435
32190780
90980968
93459278
83229651
34050230
71849367
69629598
65546267
13066752
52610639
64473540
2620103
63683680
19394676
38571373
7395654
3186679
49505910
34282970
40857885
52012113
23449217
40625674
35847163
36834058
13825450
17835712
3221533
35135932
75525288
63864068
50718137
29191157
30446396
12385874
70771315
57381719
43079634
98537791
39134268
65462945
27216571
1243658
32627776
56986115
26042422
1250926
57467134
85415016
99691189
1519591
17775813
43415669
37284581
55834481
56619080
12514320
28431738
38688079
2261791
79023131
1241542
75158765
7829044
90563899
838923
58369860
5941753
91235259
42699263
27023646
61902200
85439361
19544818
43340720
53212439
52781877
65071605
88112959
93773900
63616382
14142014
19005680
32290966
26871390
74118229
36366800
5353291
26639166
97583785
69437190
43692838
96604385
6477078
41068474
9786794
35021451
1251938
96927924
10566357
5589361
15707988
77019363
89232778
78958344
73246958
17266329
1243382
48684084
82180008
10578771
94952065
62069767
69782020
52386280
99591065
1240438
26871993
71988069
22445562
87670384
14999977
72268919
51997784
83672088
33104136
33491992
69449023
67883951
61362029
15610037
41166214
51688109
1234550
87050050
59522779
86791673
69525958
52263277
31019222
24130203
952176
37203404
68930241
88760825
82472356
77011396
76702715
48581826
81902447
83064805
81903183
25376421
83400135
40040687
92029000
33796414
58358981
1248350
6961950
14622752
74328014
29218203
20659458
36054814
1316104
91068462
74124135
1255710
49343568
137763
40568905
60838370
54413078
12614773
54611235
16009859
7921795
57644779
7568039
61505882
14154994
85179347
33087309
54860589
64083126
77427475
63387676
40096582
80628762
15234462
60710285
57652278
1255894
31035346
43218
9049751
59691161
76104873
10540102
85273296
59294078
67681104
69738543
74803529
69511763
88062106
37158183
61839806
94699232
57054759
94325083
25983108
50522046
58092407
53812737
91512878
14801565
26481591
49043527
90842823
39941887
78189393
37264343
67429516
66114023
15336414
22114732
68206444
51498752
21549424
40696460
34839325
8569989
96891228
27734738
65907164
72102531
88782109
59520511
80029201
55880963
48503724
90076457
76066557
98438729
60830420
74770595
12906621
50019441
64761297
99111839
23531374
15706694
22186954
76099278
90210233
45661006
29373245
30081693
48157087
85067454
39673395
17655732
45435404
77272636
53902681
67626862
1245866
4999030
98738126
72475865
77556125
17682045
94117090
3212121
22394564
58982060
75812927
78285591
29753862
74227036
15872347
27454157
99361095
32378389
54809911
20947559
43953942
87318677
34786263
36988732
17084953
15952005
77654983
78807777
66019806
28682055
88594435
48177244
83133153
22418471
29766231
78605447
19715690
74603689
32206862
88966744
54339629
44324479
19992125
64939350
31710824
12240355
71383068
64095900
52654719
46763758
46927090
4515268
62744858
2702812
41944733
42291558
46032117
86154828
90550385
1245314
85048794
77896363
95348507
35502033
15960552
75526919
3051289
24677636
14254868
16049165
26483038
59658047
29846014
9235856
65556140
55785541
30268450
5902020
12971198
1251570
22458366
13290464
61389039
87016994
3545439
15111747
82014433
98531968
29942835
59037512
34262582
34263024
15386057
39137941
293021
40624138
18340976
84783331
65328574
3578711
87690948
26958351
79965940
64771856
1252306
5516033
36856177
57601352
46452571
37835464
1029315
35228950
52632081
79005762
76151987
80891443
47349125
98842477
19202162
1242830
18384370
34425110
59402855
69236020
36137994
81058580
56657330
1257366
60516141
320091
89474531
85313669
75162347
22143838
96367404
36977869
45347421
60056554
84244522
22609918
68086342
28590414
13190823
39855808
1241910
31709767
65817071
87528980
37291457
16033938
171678
57181296
57874095
22522907
54991419
61562944
48032619
89548133
5672301
35167587
23886110
56602952
75475956
96518571
40254460
99401588
42345709
10575686
26252210
55866157
66076727
74793662
13231881
1247798
1251386
98809405
81409576
33117467
44918170
93832789
53111870
1245682
55525061
11110991
249153
48433646
77790586
10252794
87313093
59976673
69343031
2354476
33507873
83871991
80720577
33179850
94488811
65668223
49789517
9834467
58836477
49075048
92671242
88340943
24274602
72281379
95513254
27527891
69217632
27916090
86382229
32051289
7898194
33393661
66216625
42653320
98182220
14213773
5067807
84965697
31626255
49683779
93581938
73930159
13988314
62624644
55348183
39127762
7140484
36953181
88864076
94720043
79311661
92752044
70248181
97546103
44860938
32075340
1256538
21343446
23472698
70293028
48825535
90939698
39297974
1538799
1232986
38066803
16693666
1243566
15960549
81803790
68929627
19462318
89101361
39054053
22812852
62554702
6430077
37021937
70682556
82412885
13059821
57744724
80912388
54486895
63371351
22145562
18983576
25928129
33383738
19339034
80018156
90207011
68025904
2916994
85488039
61485640
64633546
50349155
32941354
46444266
59405770
39618984
98330453
37351528
26590897
8791714
48920288
85838734
56323651
5961157
16163360
9299556
56482132
3465596
1247890
43108831
85836508
79323580
51991421
38651622
134718
11274141
876994
17660950
98298379
26049305
28596114
77499027
34222857
95703133
78102613
49464490
12743508
53966295
25608510
76624715
54696104
39713867
40390699
79632441
29194394
10040076
42254542
99427854
36977719
725485
93330357
33905836
53579385
53277255
62560461
22280534
63018435
84631259
39197368
1767250
28882820
81280857
33299825
52788679
73725367
34327691
66838856
77241224
67953448
10176977
1540621
99668084
52314208
56897179
42491437
36892301
41671877
90421003
12781215
71004612
81399001
5606947
3309780
71574625
67241916
23496033
36132312
66370920
49241147
62170368
32711680
27059747
90335
1243750
1245498
86499997
56375799
81188209
71266941
79601891
15700000
83165970
41846344
41881949
49102844
32817327
96038881
34407588
38868506
93858343
86881048
61330828
8492542
80820947
62251126
4497292
1259482
85326399
52628289
76146462
74204578
1237770
85528387
30555038
20671257
58825136
84937783
51364105
7091593
33873387
61013693
52453721
73312462
14546242
14533463
61503206
8144439
47446273
66630386
3157492
38510245
49477700
90708120
32194799
90461879
1239978
82994842
92925840
14330726
16290273
102727
93228889
11856673
50613846
25400261
61913423
24226574
37377326
91440185
33020617
33334378
12995172
1239794
53381344
1250742
41638740
29694487
61136469
82158386
68791190
54497948
30101862
26689771
69960461
51275244
85992718
76736128
34217829
93300574
1247982
57189302
67982518
37568723
3914659
51064805
87837211
19745709
33500751
96648073
9397929
37913797
1260034
79456410
98616831
76361852
52144357
48122805
40739897
61028824
66800438
630565
29538024
76897284
86694950
49482151
29733146
72056789
7880173
13448737
99874236
59798325
1261046
21976465
98422114
76454565
86024711
42802122
75802329
40526208
24160155
19123153
44461180
71665773
37314214
52809928
70109392
34780636
25257142
82421697
24351834
88718254
22114196
62566703
68431497
27270803
84836874
3194321
89702322
60536881
55379737
69311193
61284648
49745133
48934222
2010283
16993152
89920060
72801750
43640036
30884042
1248994
13857397
84198057
24890420
34397306
90957487
76657718
55854035
95876516
1246234
95838050
23156075
8574312
95252541
66920783
11632149
87057832
18324091
10001579
19548777
3360539
48452903
16747389
22107100
62400015
75212071
95078504
15776417
73973976
20097060
37960425
2402202
639373
46899218
60918018
70824073
91845375
4471573
16144371
50634894
99119741
22958860
93618713
82396261
42386311
19150653
64537364
50102296
65307607
84233256
35753744
43048341
65157892
53304383
366670
2313425
37108599
74225915
75833737
71480961
1245958
11029829
63858380
83648515
797038
6025434
23509241
6682840
99708951
41251454
1244578
69676076
2137587
57632767
17464786
88732197
50040000
71494625
45620989
38345072
93562446
95857203
72492738
25800722
76449274
93117174
16375831
25254756
1249362
17103378
99792132
80011741
92886976
75735507
64988143
60545792
92263067
28185300
24104392
8644546
20285344
61411193
60246593
76585638
29259086
82330495
74403124
1246510
9634417
42580771
55073320
67627634
52437334
85529350
91779512
84413258
19129911
80429425
3363200
6595706
75353693
91647084
36020598
27046170
1238138
37950355
80494095
46938832
68719435
49455006
45480523
61209658
48358268
25366966
71580771
17043393
73813290
71651310
94554780
73851399
49447936
94363467
74169108
42232004
45878998
23209260
97587422
58522547
61381870
38663054
99402599
1258010
29646433
54479232
10136115
74977613
20771883
74002457
90966461
17209920
6992791
81218243
2383254
97375763
17862702
20775367
11092348
66676547
90460333
63132830
51354083
52271256
5366780
3504676
56305139
42675134
17622500
60732465
91467249
16516694
40839811
70350128
11438270
63936010
88814341
95964698
49919679
44166563
53062980
59432147
50583924
85997360
50887105
29880905
86087882
61516697
67334230
70950333
84524255
15305903
23981211
30791007
91028154
46867250
10467106
23804004
60926177
20668651
45485754
52943652
84312126
12567666
56423383
86940421
67803336
57338360
1795750
83902793
92919713
1548489
4881068
7507431
6120377
82127157
13758313
45098988
79185213
5668621
73175011
84496600
42733005
82537985
57544920
49350723
42513901
42198444
20877142
80859290
64505278
14945466
80942297
56301562
63778503
57259472
16420836
59314317
9658272
57832782
18226679
28763993
53801350
68093618
18563865
62595790
3612237
49599334
74876174
99616408
25551596
45343487
56062147
26967285
17539271
21480536
23072143
16441625
83992237
77757358
80110628
75683635
91162354
38923186
13390883
97642537
44128728
16329502
62488775
4518759
85178312
95291717
56638148
74376838
90982284
5799287
81804355
49109973
15943489
90364249
45663931
1251202
76928571
11001489
21006833
46317033
75714293
83872271
91276314
60462731
79686808
86255313
16649346
41361329
82041155
41466667
22523492
9093305
68045566
33151137
51787582
73658611
10204375
51886642
37072057
72492420
30189835
96077849
33948261
67269001
50641
91335749
54410700
41693045
69771943
73290734
62562985
60732200
27840879
22583165
33016954
35240827
10251113
33498133
93759429
22148364
55726933
82488895
3963135
2629497
68672431
21424884
80063090
2641827
93196027
56073233
22939531
1243014
20121509
38737067
26838546
53304221
99730961
51253470
48645598
97263628
34245265
96769220
52039013
6030403
60996185
95209999
62639844
44215815
93622593
20727584
14566621
43413172
7137520
81168278
1257274
4563058
1693413
66175374
28208206
26743097
17527669
30434638
18476967
36244371
92842474
94570674
55315104
64821823
88045323
95972515
84285810
60386537
12010018
70561060
96496767
5765530
10686649
58971870
15470188
21044373
674273
87808192
33989092
15759304
76766764
79431243
55308332
8668202
62154667
1969836
8480996
40603259
37606891
82478567
47387616
28244224
51222673
85415548
50504021
31175675
75511213
66575306
93167369
62143724
79730537
53808952
61440922
77507797
69609452
3811346
95048210
36768067
1573536
36534011
18358074
66812752
61997883
25749946
88276273
63986371
47286966
67525409
21956891
36269874
61014459
97234782
25395276
66670879
42272605
27756413
20895516
20779168
1255342
19203170
30278999
1253870
70824792
4740058
42009499
28772096
1250098
51876855
39332939
48021538
15907517
26891304
45598474
26913774
81594189
70196642
82477113
86183200
93110323
20572697
8368864
82319509
70536129
75366656
82317146
14980795
63967429
59224422
65931360
21425929
45072463
54004378
22931285
86661617
62249050
23359095
56820328
92658345
77017402
34576691
10342490
67655535
65542503
12835615
11186111
42078062
61212185
1250190
20571668
23964777
98770837
34390300
88542191
81497772
75966951
64727448
1087841
36716911
48702062
63306944
26143119
65733996
60014126
67845710
54536159
87723769
10007798
76090016
44683335
65120747
11655513
24017320
18646720
25726922
62957106
89288541
31101289
91521913
77963691
57024037
92413350
11097154
54719399
25688181
12355291
60686004
42396758
43123302
93125829
82607107
78135263
53085120
275541
92469135
406387
287575
94350031
8043662
2315522
71941831
10368688
84078217
52261845
57057728
45528394
16491183
47421081
1249638
75593394
10858258
96491073
1232618
69959165
21789128
33354974
685774
10300632
99480013
73674716
44011774
86348344
18533191
57695671
76003224
13972960
85833759
78606280
88289445
58343556
31863711
10721912
96730492
92950985
38174764
10709316
94839007
83611551
1898353
68106144
97696460
84481822
10825209
33874454
79400937
37977291
32984058
15515882
49973647
98189536
84521666
97530620
9689029
89919407
80077777
41720091
80166136
54254835
92185496
40328360
38021661
40061622
14440387
71087395
62867529
2321332
1260310
33046853
77150884
55585014
78745202
11206708
42299482
13787088
25158682
95559060
94220603
86032561
84956369
38359374
38986800
51159628
76184232
54928565
47122506
72434706
93194182
34592689
67708803
72308751
60319663
92115038
39622788
87351390
12993493
96129531
25058567
63031333
34049638
16098455
54063893
9470888
44183862
73532406
2050562
1689448
57831166
43968146
57477489
73212447
32806211
42152115
22842981
4142683
76523676
15394185
68201271
66273043
29812039
17178815
28066622
8398312
83927309
54380264
78635896
92250225
12727610
10488335
40521576
36644703
87994589
86331738
60128587
1234918
10135538
30695635
97190043
79377203
21641467
1242278
74247680
62522646
17535029
3770420
26404944
19895599
39301047
73289339
84288803
5925657
86110398
1253594
13321670
31397471
267654
39118093
20341893
26335374
54610047
10754582
14169248
71100619
58478310
93242966
38078886
59015172
60904917
81069624
84031715
55454759
69783231
12211378
60587300
70443529
87289793
1233538
68790384
6644488
28158345
90801663
77896437
75178322
82879770
60981257
27435556
42746011
78718572
1243474
35157255
99052169
16672567
53988163
13627571
87329666
58455636
63425013
64289754
19795479
55882408
45022589
42654538
50212955
92231711
16584355
11198333
41541287
25805096
12019425
22808924
63724024
88067660
5510986
81358896
91070528
99562425
31275568
62372500
64479998
12616747
21939067
99971351
7496174
95514745
78532436
1252490
68433302
91967700
81744970
83050146
42424691
32752010
61315888
90932015
86638158
68368266
73811186
49006766
70394705
29295685
75007674
37673683
88887202
54844123
63371431
37670985
74558473
51534238
27669517
22835003
32295423
30811057
76616293
35179257
51989930
67496304
29871665
47819186
8589460
32923652
77335929
68796769
49336593
31575880
70733488
76934377
1246786
69294843
48844297
16045430
64105355
2133419
95064441
9359640
69940915
26157892
19004460
58169794
1516424
92876702
89629367
30248405
43929090
48906559
92607233
1239702
51784311
3753469
33049082
40300536
25781392
18688287
88376514
69659061
11380367
2492412
13839549
69366027
69745299
80392069
35249661
69869339
67330045
50143280
79058251
64039299
74243152
18506251
28242766
48458992
92336212
85258707
18091665
80488786
21950533
96886414
85120992
24021315
26659737
33502156
70149488
83943386
68406382
30429908
55919787
26915008
1248074
33119278
17231833
2117099
27949449
6304340
7946400
38652677
83644219
80555662
91449530
51007878
42662171
59253124
68657050
41797003
83340181
16874684
1237034
30793308
15009037
28379262
64224575
29043084
31227831
68496569
17449150
42804530
85437573
14615743
29375288
83559197
98636998
72516676
66283525
37583350
58449643
72065839
20098909
65611916
16443713
66014717
32492582
40419352
39557926
62331256
95795889
90740567
29892697
32778364
13697073
23542237
88660510
81991160
57667006
43345260
3600536
81443860
59744191
71155413
57316963
1243842
73616971
41370043
38716564
65212881
68548042
57235172
13630931
99756854
15015708
14820692
5159674
18185956
86745172
6842617
12538104
43187065
28697555
82371317
99272888
18062643
53600405
74321728
9998394
98909379
32190536
54775634
34774405
8879325
56766080
72225588
62246929
70890255
70871705
77134983
15938459
45232651
93153934
79234000
65780378
56907127
42596438
1065465
24160024
68336663
78128798
98462038
48179527
13873072
27868355
94118889
23315232
5572828
82195063
90820000
69853819
91646358
48289183
45930939
57275019
30426103
21154601
37836744
49021687
89254624
6388693
91458811
54258170
23778019
80935666
93212241
26311780
65254092
85298462
56071541
66791656
28081455
24343444
50868803
52435974
33900512
17743369
60829234
25207922
47122097
58383690
67725316
1233170
82954048
96426765
92319670
16855168
77904295
32584088
1236666
90673412
62840488
55661892
39622511
8257679
71363282
77465608
50727378
53245865
63049609
95071793
70959225
92897472
31114187
79961207
17375189
96285150
5074854
44131792
77996181
96535510
50211063
36488014
84357122
96069719
98192722
2001717
69781785
48657528
5412794
53379733
55021775
50295700
77546127
54650528
22748437
83168118
97494509
84609745
22481184
2159907
74648210
74637658
58854038
1232710
53493065
40538406
41828085
2084185
23901799
78480886
23773455
25999477
27028903
65676252
81298179
87338484
18201522
8850555
22159343
79256260
81282383
55372348
34366593
92476776
43361048
29233690
35445091
57188548
95546039
50234266
36678889
34191323
95197481
82163044
71186391
78117007
87899282
65339353
96291241
52527759
49939574
19063206
31252453
32387577
93916794
45870805
62447065
59008091
37008623
2173455
94714008
70375066
46173053
58191836
6734715
35441194
452276
70918006
97607072
40950698
70443540
18042605
29998235
97171041
92635210
74433135
55411642
21752046
37406401
67826677
84427244
42433810
1407413
48752464
64894164
27219100
74696872
95231665
59556739
74238339
66791647
62517089
82365194
67194890
58055558
9606373
27600518
27084144
84005093
63701598
91072509
58878038
2103216
83040934
43049460
6692948
18918068
59913434
84965802
43269077
35818506
34554520
18201914
93148692
18477302
90727123
97062679
49079572
28348448
21244300
20398457
1232894
82124025
26277355
82922982
85723778
81771086
27066025
70955734
22014624
61646477
39892330
19523881
16675087
43449525
2775329
67496106
78162184
88033354
92306019
69173690
65665844
89187536
5333448
37011194
43436597
77242027
83520374
27528461
80855682
93740680
45847961
23787546
1069577
98965173
3665917
49768079
1236942
17378445
2702617
72260436
46463712
57059618
65680785
28626629
28540166
57227763
36905330
92151957
8427488
31932137
52053049
89866809
37502167
34077256
21368393
1438253
7438917
28063899
26677040
77630797
54572564
82606061
69308229
88523735
50073618
30158651
99827123
37045484
9086698
11136690
21899961
52127890
152977
74338378
17129928
88791700
73375528
57110268
89336966
67396909
24101740
61318262
71024619
70754840
12457100
24041271
79169002
1254330
84774150
35198586
68197901
50979693
35926948
67246761
77770079
71450929
3935505
7181223
42645862
88251294
15914595
13354872
42610942
46627529
6594240
19849457
45502558
57383773
50342601
95706464
1238046
15070099
94535948
37780049
1233354
26424707
64153281
8580219
20168554
89011394
34240993
59533163
10331759
78931758
3170019
19802507
73652541
36114297
92564465
47126717
10810344
4127490
52834565
60375500
5241120
846871
76042919
20936487
79068805
51574428
76431998
5806050
92390224
74104426
99286044
62424829
78425234
86192476
61889765
84309502
25237141
79111937
68189387
43837616
219479
98663338
59442389
99110831
57271935
21207686
59863992
99894571
76384748
99576678
16507719
8263348
89066280
94622395
95829311
95023033
28850209
44787914
69256366
43931135
44450820
6040718
81597777
60578367
30717940
97740
88723911
96448149
47685009
23948069
26378062
44880893
45249184
84616295
51636607
82499808
60019271
85852910
51809134
42404575
5982091
79372158
48216036
51577559
17875860
55247083
95575974
98491477
34526146
96243680
28038477
91738493
14111685
51001624
86074199
49204608
99849890
88825658
10534302
2843602
87242965
43447786
94491191
45682257
29471728
49759568
4019393
77581211
2404175
48575466
87939822
13031786
79206030
40802235
20147184
12375992
73341667
91561320
48762506
11705576
56701482
82379337
27941194
77793302
94754895
36161079
25332271
35535140
96921210
39054344
83109454
38774121
77892244
45303563
56531289
5007375
75872478
59001410
81110678
1261414
55001566
20984325
3704480
56097711
34300655
7848930
93355878
38839726
13759368
82961913
2971039
27834383
42133963
46479106
69887857
72631003
2919757
11529693
365265
60935113
42446467
19923304
7784939
30172382
65250372
13116281
6396587
69253514
20882781
62865932
20976341
63148268
66024212
82555702
853841
20859228
9412573
350980
3868322
48044243
60812186
74027847
43385470
65213479
59414129
98043267
59410931
78814435
72090050
23866063
84660087
84491866
33121892
99534138
65106921
74843044
4935455
8748040
1830864
71372212
95598899
10762724
67361784
39224613
17432720
28384845
43300510
31514263
65583608
30295797
53246333
54294360
51942375
76544881
1243106
19348624
96549881
12492947
55920453
15005379
89404439
25025679
89193501
8901638
98802377
1249822
18422950
20066100
55251487
654984
33490059
70585912
66287510
22134999
30711728
51884789
72508251
18325782
29125654
1233078
24010157
1244210
4417305
94846608
54693148
9485911
92927748
28621125
23142850
88130278
87715386
47749366
96253374
51618297
76113653
2072622
12899413
83679888
37796115
1258562
33008237
84876556
52802980
66171128
74210430
38343477
53554354
1233814
52555511
49154097
26014724
61520284
61752385
36567730
27274402
42072327
22199813
92862121
65141351
88663625
1062997
55634742
48930031
57509094
54299253
44008122
12858424
92026431
486540
27837715
59992740
98360349
85681808
7913512
46719609
11072433
65676661
13028712
82857255
60124238
48349977
30212384
8326143
85918217
71787853
71035545
28662803
10562604
1258286
75866792
83410651
92032203
91333632
29790517
7093289
76124782
1542690
49290441
37047172
72362021
23858145
48475008
61296875
53710586
28407469
99702640
51535605
58950112
29297572
73047901
39022072
97434718
14631517
69721112
33009776
86664539
51611107
25868544
29467491
34841655
68942157
95772482
5737726
7005880
21831207
74092165
52390533
62610187
18048079
67335029
23135961
90000479
65275077
42396830
2305992
22122952
11867857
90007893
54615486
71271194
77088070
42074789
21867186
43870414
54122892
91296460
49781422
48015516
25089904
73011830
43516720
68666073
42258111
76495019
60495000
84599635
85068677
38575560
28098603
44806102
82323643
90307081
21364971
54645325
37836065
11229831
11946392
41642170
25283043
93563475
39705213
98415676
86903888
82442207
57450249
1253226
45012908
66650907
1233998
8485296
60247505
89332663
36920424
17600297
7013069
50083260
51434801
29215504
87083308
17893256
65845140
83552107
10482675
33623665
62793353
11668848
34992951
7692253
26827376
73321341
20473586
66884753
78974909
28650840
24119381
1260494
18097184
90138982
61949653
43879217
75784768
71384287
31176222
48948053
67774046
60765357
68995877
84257081
31164275
23101870
1234826
78923411
6041551
18675869
24792690
80364500
75839050
94220881
23770312
26181125
42092547
71017215
92496719
24084575
24820233
90926651
53418226
95805284
58860899
88098107
19349752
27803332
10750025
99210725
55603254
8381191
2522783
39165838
89443312
36481958
83836591
41677817
52748935
64834863
15661978
87770166
41037464
48265018
11134763
1108745
64173610
64640093
82385455
27405088
98906026
66614490
59350052
38462729
72512053
70089275
30855478
55707487
23582402
88319208
39525235
67670866
19378776
56953918
71960357
76149853
86785445
30467504
20572076
68334997
1258470
74426674
1869998
54465009
67558177
18008932
77534778
78744169
99190342
40942663
43678590
73918315
91822969
54265475
50884807
37038806
9478602
53710338
26595937
18084986
32335476
32285639
94800691
22545731
81247411
2938789
99251342
23113743
75275625
82527806
3618901
76146117
49253562
97413910
46981896
76073347
69648589
81973901
40616450
43562411
82405304
55042217
31019878
69477526
97725901
23509244
1235838
69659740
99799325
65347911
34331130
71584797
59186673
94032381
32288466
28818622
48371503
70139973
78895422
25480973
25515017
64342449
54237541
10919883
8627966
40870342
89473569
52615142
31349833
56018218
9554577
84117619
67039904
22516466
62425597
83875020
45889887
1715529
38487331
40432114
19526123
26855878
24232139
36729951
63374195
27997360
49453025
41231391
37198976
26476946
76866268
23892369
14986657
71287954
58534265
32727088
76629926
1921351
59079668
81573995
98678169
57198050
56963433
9520921
98733679
82668137
59589204
1260862
20451000
26961824
52214883
85386502
45829903
23450413
32400226
19324228
15230024
69537066
50497768
14302672
76224970
7118772
99779140
88261569
16259475
56790592
61154327
1354260
58023085
1244302
37079383
55443795
10141309
1237126
60838464
74307185
92126391
27551359
18923131
1232802
50191974
8017429
99716294
10477446
36101117
97740738
15013680
65137265
31012981
25287000
28918625
38894080
74955335
50804213
95223061
61930594
94774605
246993
3989851
1897558
69491768
64948264
37136978
59184115
66122125
14040972
97497957
26057169
7292219
36840342
46503300
18501879
73173735
82273444
5725014
1257090
90722051
73622575
34108987
77857395
66643015
13489290
31756899
79136689
42901841
10340269
51624312
96627661
76285158
20127981
77047084
7369797
48293714
22844642
64978688
95469340
35593857
83087251
54379590
64788065
17547535
30093168
38516562
6479589
52896712
5272422
18389543
53979682
73020372
75983008
76731692
55599452
7141125
39283802
99216925
30149007
60741454
38265171
88299207
61654451
2634465
43095680
44156424
33108559
73441483
31918846
33828596
38495315
47002922
18375205
61443510
18614818
26149103
1252214
64708594
35158096
58854867
20582504
10384594
34130269
62418040
31020074
39426186
50298007
96576143
93787406
21436992
63260960
53186849
35350618
86049161
64023994
59586991
44181553
16803651
32716364
44194548
2960945
93645336
31625747
62007874
21579687
47295221
28310301
97619911
73476348
77493151
11120099
671196
3284045
27206982
13591431
385154
78110618
35936897
33703319
78352776
7565032
4227844
7603461
47345621
12793738
46615713
1141502
25093430
67244254
14058329
13317940
81932372
78047277
55262455
92824907
66778808
87688205
30020593
56895887
64481808
950372
67787844
30181337
5709981
3039262
70671296
82178118
49869429
63698129
56106008
63643722
34798195
1247522
50595710
39616340
78144242
51649255
70101988
21066143
35341651
77609575
59700445
72359336
87168874
39758054
7045735
61141586
4286656
16342253
21053953
19730859
54834867
47558556
74789212
69759075
16927525
40896088
1256722
1247614
60836568
10002358
93449397
88803200
12617336
52018769
59224738
87593780
45875342
97588138
39343693
27510674
4577153
70402122
4958236
49214180
5448686
99240298
56650843
14027267
85086052
81281843
38182208
89703903
43625689
45884964
36425560
68442758
95363178
53323306
20212293
67089959
52659712
95771380
52027759
54973837
1240070
2897246
2039534
4650247
56486691
17666956
76937210
28213150
1236390
70292950
70744540
53382029
34787059
43570308
33563246
25347276
59904038
36101553
14790990
25812953
25100576
1260678
20074066
15931353
45887379
26795505
91437708
54200236
56494665
76075519
22514742
640499
40721243
65971209
31643282
3974912
64610186
24426799
53707158
11329569
5365147
18023035
74666152
86281737
63802031
6561772
81970581
37147644
38049766
52708565
1252582
94305428
83805598
99511906
31474725
19599425
48210184
990667
36209768
26326970
81116264
1487658
69672957
10308524
17966517
17665011
40626940
80308679
80836609
52620188
90769451
90230721
98558984
94182012
58429074
94941289
47565183
80496065
93569025
92592726
62160053
69551288
47528653
41440814
1240530
72127458
7025792
81016987
64713562
88641181
4872988
49991141
92470911
1247338
60368844
10849309
49344238
77789495
74698967
82153331
21815702
26525028
44035254
57630350
8537263
74314740
38105215
81271940
30321264
38999385
50124454
5311763
82623182
98132695
71641720
61081187
84269992
28232007
67642363
40600
30363040
87550087
7238042
72277149
96461782
43256257
3769191
62483459
36090989
58619587
2687669
89219799
6748844
86744725
68631911
24173838
25037049
12238163
45859509
50120977
25892553
22842201
46361639
35916866
60623459
69077836
77751249
86209336
44593244
74286382
69021841
17103321
46018381
12511844
28010441
51208680
2001050
46302650
1258654
85644553
78175177
18344008
78574097
93223124
84953004
21632935
14596839
12573426
33037902
72629296
27360936
27290245
68347433
76640788
43081962
42678812
94936812
1237678
60603930
90685417
76501988
94453967
1006478
60524558
61080360
3741955
20836834
2269403
51111981
86570530
9461229
11254298
71098301
18164280
5965907
87127746
52915381
64162794
58652813
76728799
66770623
67344469
16558284
11457196
16570599
85525947
3564861
60791964
9185952
80702546
1257734
98214331
99129390
46155448
92104712
19386126
40570486
2103252
40934490
1871595
57498288
47632356
12550047
46444642
49164527
1244854
40401482
12677216
3119594
17983057
97602068
99597772
47238879
62673211
37154381
18719899
61501646
67635967
10049721
66182901
24065004
19978292
44326827
20562302
5504981
2687281
19207806
81130831
64515218
97740976
47351605
22077600
27869155
19609880
70971816
6894429
15734822
11590354
4270225
20360520
38909749
1232342
5888058
41059230
63251395
75204669
46720960
65178761
99388159
66296744
91276714
62251290
43998774
96608556
93200305
6587239
35232882
87375650
91068409
57409923
18411828
9587176
45997560
78166257
6755581
75950606
63087647
23352404
50852439
36775937
10058898
94965286
17357907
59739568
81263732
51950469
61694699
77230147
14751061
59120539
33236177
46115379
55816803
66671602
10343817
48875907
73407300
77137371
8119640
49085278
43778130
33232820
82712309
1736541
90082476
40022357
4826403
50786594
5970372
74047188
86676690
86671973
63539368
49219481
52317204
43925477
63409642
13037531
69140371
33814770
53262301
15354912
54252917
57112254
41631710
55152464
84440754
37143162
45239210
76558975
18339469
4970088
67361809
43956707
63383719
90102139
1087871
64294162
1235562
21404978
3898563
19717687
64464116
744198
6295151
21827955
18626256
12706617
66659763
84236339
1254882
14272490
1255158
19452618
28703487
4193169
68583442
36712184
83273564
18415760
31844630
88215451
14394953
13879242
54463848
92053369
1253042
12507540
95873589
18724152
68814696
30250240
5648187
1242186
80925831
2462095
63919924
87522395
92702884
62966198
51678960
15544585
15167128
51347334
85668695
1256446
92281104
61086179
1240254
51223114
21068696
68800118
61914907
75229474
30846448
33524111
96480366
986681
97283048
53527324
5053617
90019349
34833642
58716251
45599895
89912933
81435527
12579945
25243343
56480973
46745783
15476381
9852896
81049525
94798254
72645198
62190325
40268311
92628489
16181565
82956067
57155445
79458153
701099
1592392
22012461
9127403
87031812
58916189
66710573
57728990
89863990
51301810
75485036
48666164
30783340
87180166
64070076
95252996
83562831
1259758
89384957
45820456
3172868
78517525
12526527
82921083
92896206
29777105
8159756
66871784
37440601
31543491
87769263
24394924
47192845
21455077
31957526
44122290
67657560
57450787
11909877
98671004
14414126
95217811
27465361
75239898
34447751
93508533
97881475
40178533
38756429
20150172
1241634
14627435
98163269
83464777
11483450
28835193
1853159
39468830
61916367
58587249
43807145
10151648
36243268
81687384
68129933
32139138
38210749
80179597
37616042
87087996
42507180
23102896
58577989
37649906
5551353
97909646
51487505
37820755
77484194
1243198
68620818
23761635
87412642
92517399
49609024
7621214
1256630
7298418
82284414
74742037
43560114
25494113
15299971
89603590
17650903
70744951
26627570
37279286
1254974
86275480
4108824
24573530
98548777
3592117
51416862
14709141
96191565
1765509
49982690
10591294
15225920
68882404
340151
7936066
5015884
83197421
51609545
91546805
9967223
69482672
53587711
77802335
18809836
1253686
18489389
42547648
33813890
32842069
24861828
84224223
38767532
74090472
77662981
3789334
92778180
71430750
20150254
43401170
84621595
51882879
67918385
57741558
98585224
43626375
13440638
87276930
54433870
52683055
1256170
85708403
1248534
53613727
13058279
9868873
44483249
75584970
98237988
58878253
24290409
87844572
8489860
57700061
31162295
18507883
57978990
88941725
16605285
51310307
70529677
52241939
74509660
85490344
28695588
84195908
39828634
30674860
58076460
58134370
36691534
79109689
42372882
2033745
1200872
17331009
71017052
45473730
197343
86012546
72908141
48789353
63451243
19737434
39220942
1251846
52808269
87889426
89084792
42118881
2051393
28234826
29364916
55242730
19420558
24820213
69967455
78377529
34940895
70371437
27713937
64016535
79319724
17894086
96335952
75987657
23038485
33315472
22427060
78720757
3321075
89965891
11246926
89548779
71934209
72098507
50195958
99410472
83800710
36868215
60644247
64278717
1259298
85759892
1252674
19986587
63475355
61537993
84566953
86754368
70489870
76566442
79386579
657539
66336849
39107118
60052978
88981363
33836137
86696378
62770148
63616276
50280961
69194898
51372211
1448406
41636673
57804451
21739922
61385755
76261030
50583048
30345489
13111456
90104054
1249546
60917024
78683821
63703054
55349601
14430318
70237180
57409610
68000003
34548306
97907594
8401846
1246418
75425913
44831676
96745710
79615194
73241033
47446080
40252550
52711158
56977594
34340258
79632122
13152912
92682935
81339536
24872474
70551214
99766144
53642797
83594856
53587249
80451985
16209230
50723975
68340124
54929664
24003854
20533530
89015130
96554369
47847199
54202072
1241082
34249983
33326138
84014310
29177698
79403815
68072503
1233446
41088355
22487241
64715582
71582522
10405177
5534406
32529092
32220307
48147725
45066032
30142679
34440944
2775863
57638164
21501344
97349631
24456328
95619910
68218018
77591485
37800738
70503627
78794624
90799791
97119583
55708464
41662938
54239826
83408235
71670900
12916821
88976733
96579951
58177231
62964240
98328213
98557722
7309270
40538596
76365878
81580657
89568823
27763549
28476279
50564477
51868096
72853383
92086392
45508604
10943430
5934872
31156301
16712177
64069758
82390094
30071730
90248942
1235102
10815099
17252751
76652081
12500918
69022804
3434326
32483434
14735653
78400236
57479094
2644211
61298583
66968631
1165463
65352840
74861700
24011360
35577579
16988026
4688312
1246142
80419014
91367231
50954322
81075537
37643943
63988591
9855534
67075037
56159429
11515176
46757791
19939819
83160419
24023915
30194748
40910590
21572534
89387283
55723790
75123009
58762492
10026694
25556476
2355068
49447422
4128300
75778872
41193799
35348841
97580680
48073348
96818284
99453372
92245073
61591457
50669403
59453622
27028458
86327941
84092650
1250006
26750796
21990098
98316634
35750629
21291085
79114750
22360269
48396092
79926805
8718143
58617254
65368266
1221929
27821187
1923304
8370780
31115738
99523160
23730195
90816204
1242554
23693982
43050172
80109030
63396229
24461499
10908594
12823428
9243074
84897172
73861049
62186950
76549611
21687399
32049919
43845240
97790213
87774949
25989058
91253556
1245406
17886879
64265452
41982162
43919222
60515587
17093048
22974093
2622321
15619316
6199855
58747797
67404006
54123106
90115642
38674638
24024448
7867658
52776140
33276888
46901466
37157883
73749275
99137387
36335676
94126966
12232495
89298505
29574617
75803433
60675559
89992712
55317351
56457531
77181518
53969475
11150167
33833511
31418847
92030850
73138262
30265043
40448516
96963968
23514952
38464635
64986830
71476726
21316323
94239314
23099349
49183794
53971807
45510972
28254824
20392926
32659982
45114303
65129906
11200363
53357996
68230630
63257575
88725445
76174683
49578154
8856637
87746137
78419305
55638723
94526368
55719364
70826674
3722757
82237892
74520972
17490812
74372467
22927833
7574207
16842863
10326735
16561583
22565449
57322973
7594624
60658362
92191165
62902112
94413775
88689735
10254077
67479531
33302300
2262224
48443388
96555198
16443832
16675952
28530475
85430015
48905757
21403449
91725196
27107608
11059477
73282336
84962790
52945086
46373922
35466329
26842145
37820415
36827450
45086243
80253848
83928586
19239494
79451792
26084550
54571458
46051423
34905003
5547452
16752506
40955547
51571423
55326729
83957139
96459964
48665210
75803523
12622072
43212919
20920941
20810872
95897599
1213223
51157133
87181079
5049646
97942560
48914500
44640633
60474979
1259942
94804946
19472837
65300514
45670932
42433657
1240898
70935261
95237430
1737923
81506191
55429597
22236893
89739302
86405025
73678957
42383588
11352608
23093074
70209862
41515001
60223551
5559596
79873748
16641335
2732252
14437703
70150135
86831615
6298375
35585996
4325940
88777504
8734852
99186261
86586253
22416945
51722138
68052171
34635823
97071276
30708542
20868990
48875790
35099979
15957902
33356301
18473462
44000523
739774
93673303
79268158
73704322
39608434
95046757
15980418
61408260
79002499
1258746
57029397
71624427
31669297
24370268
37338562
99104531
86532107
46730842
44881413
5169124
35520161
58932854
38590286
9258245
48576861
25059628
85678937
44042164
45556308
99256471
57575329
99870084
76243405
8269982
50205965
94384386
31736492
21721461
88317066
20955571
85632074
13530974
21615025
54649511
36190150
63271452
2101598
83983541
81913312
14593165
86747981
56134516
74147008
28476869
85659801
1677311
81462341
28133665
86177638
71911578
79184459
18767298
43418786
80048270
72498591
30738132
74537625
89905717
32983654
78347369
71792792
1251754
95648566
27066621
99626140
39094030
76919774
6374684
5176944
76543
56336774
90543859
76250024
17209719
68841845
78301819
20035294
71921969
50096048
17976739
93137509
51228843
54263100
48259520
66692521
92353679
1256262
25376337
56278086
13932981
67472662
89240895
19191517
1238230
28726022
65229172
4656313
5798407
62869380
52637415
99939051
10288357
1238506
13332212
61649972
61406969
70140504
19795250
62869985
30547285
66335405
1233262
12825221
6837102
60648456
65933209
52912023
83679225
16049850
11767783
360336
44063743
55387292
32984445
38070738
22343773
25592907
99928426
1997730
11944005
21327762
18309916
20648668
45933303
94383313
78978443
70990956
90477911
26570664
93365537
21636690
62955269
50134695
57012598
3575984
33084295
97417128
48942764
40181020
49565373
15819150
52751782
57349582
11944265
18383008
995033
1251018
19714408
3007646
56976850
72973219
20534930
42669281
21859220
35642067
24721903
25566703
9089178
28532878
36087745
27673111
84271876
27265461
13805642
21012985
52055780
36034523
13250512
77699038
51948917
68840218
4961823
26393235
42033044
8569289
57469072
43866609
57423247
26218534
13830049
86802074
59196457
91995838
87478419
63779062
11326220
64069054
40901654
56107853
81153517
82031999
88668644
91267344
8389798
9182701
89289568
39016206
21395152
93693850
38783373
81549828
87794219
29977369
85273629
76893924
50621096
44613351
21472718
14878682
79388932
45403599
73889877
86816140
20720379
29218805
78253047
75074523
49103577
70376155
56143453
26840720
84211510
55171901
95453660
99678831
65363817
52769279
40494618
53407635
49869425
5969641
48084765
61827652
84934568
79846600
39183340
76017044
24243627
10280776
52823507
3127384
35891436
71174212
50465433
64395676
5620185
35498408
69458282
75881271
98636359
52825568
268450
12859434
54694261
78755236
71071534
18473934
62316977
30607123
57363856
50840275
18445887
33143131
52888216
70539338
86903393
72502312
23328718
21539942
38410557
22702602
58931540
47132293
55688687
46575140
44413735
97367578
15017687
51164923
73913009
1261230
1233906
71658566
94256639
26116011
68329909
85416516
93528650
14342601
95161051
69690648
86710440
28855708
67061194
10300915
8317191
1242462
21292027
24518163
47524983
68174229
17915347
31513972
43435155
64060411
76646147
51904109
41756062
67757792
55864969
26434569
53261774
40330947
98480699
53389291
9057050
50967118
16035173
26951056
68338235
29683550
98991771
79976024
44903305
43805507
62966915
38990481
11234182
43023034
59640919
76629388
46402893
61496701
62484607
72826567
80913598
5424311
22024689
95101277
69435375
35835944
29879201
87930961
14089618
9856733
62247102
45856467
34191448
30476685
12185116
4565368
93478242
2393392
29137905
59859878
15460626
5025821
63569173
78821675
84775232
72499747
1241818
37326673
76317402
90701601
70645797
40423369
88438060
65488111
42961125
99422486
47806055
20464991
79289448
97311695
48412416
65694694
67108516
13022991
14476126
25432010
31733292
63927898
44056523
46304806
26085737
15167768
12639909
93330351
88183266
41416623
42410287
67639339
47462007
69648341
23768857
57247195
81823011
64869433
18124326
33142915
98165946
7765754
77356218
86913328
20650626
57354806
19225063
83054542
34181251
21019443
68642731
37515136
88117806
80423220
10538112
20657009
12201911
71848555
12553145
36949014
98979822
99947295
51421439
76972964
95058668
40014173
7322742
38470099
1235286
44962855
55412023
57452796
54503557
28254602
7739147
16672625
83088634
73902767
73904064
1249178
47130067
38213922
96850905
50468837
43198318
1248166
53931532
41764238
74520674
6638388
8711668
11717409
70952697
28037581
89873015
87058547
90106079
7874524
12763702
44529113
7371083
1235930
14444630
30035178
1260586
88810767
48421390
58754157
34058869
77285224
81050392
26563239
83915688
1590572
51580288
15497040
64930525
38349689
33225763
31531442
41457363
8318050
10271567
84059165
26072315
64707297
17458410
99946754
24436867
18583227
9419400
23739517
5058771
30723046
28653696
28608505
43145331
48398638
1397262
18230797
37944212
41376775
21860410
90699280
77305473
69680641
82493512
84080380
50626941
5185288
80663567
46886717
93192213
41451466
31227212
13892227
64173241
42619462
85353770
10883327
49871925
24668076
81774235
10778529
43594312
33040788
21375479
9445641
87277215
20943388
93162656
1966824
43182549
72734232
71672620
15799067
70567120
89631939
83541617
81529370
62364698
19224249
82206523
79549661
29226465
13117599
32812830
47480440
75414684
1246050
24437005
25012840
48623611
39572677
37526196
24628867
15649173
76761804
14380973
65237699
45913092
5311453
97322356
95568230
70564429
52934482
2417558
38080047
34070805
29761009
31173329
55400698
4977330
93635409
53642829
1882276
41005513
34093146
66501194
49532974
51761831
76871010
6295340
63132907
56972190
26227738
5003881
36824277
1020303
36308620
6861841
73005255
22139332
52874043
76924147
5599251
65921038
98099546
5325948
5984900
23042947
52773646
59293505
82863281
13630414
13523418
60574718
4988045
3877716
65881003
51958695
79017279
49578458
46269003
35799621
49774334
56539380
63894053
3606807
59884619
50895069
85074880
82605813
84259396
96129509
93354719
18329781
7038057
74944762
86570220
70382945
93513444
25670945
24245531
23480792
73935296
95703402
87217773
44656959
28238334
1385497
62461587
92280791
87459084
77365455
67188489
40974217
19882535
34191170
32653227
87033424
18586468
18457931
30454454
29316691
52622562
45962865
99694702
81676229
66842351
53247011
94989237
19472215
33289824
21467655
72446162
45031959
65769436
96721801
65858791
66225657
59230948
97849771
62671332
18317618
95808958
71128940
96304495
70601634
24441632
97128470
459128
32126760
515490
78074663
36409630
14007085
85578316
31437923
7188287
59629171
64675768
29202681
96115297
13549637
23789840
19051039
34875855
64837113
32309621
63051038
56259332
4585690
30052622
22363546
51845865
18646864
83950723
12315532
40347707
95910303
36869060
79364976
23056152
57464319
96431238
49745917
8219807
1253502
75581026
22594672
23757216
91725458
60815780
49026040
22290823
30562671
34791508
13865364
47073501
67386265
12449178
1925556
1245774
9336860
82060060
97301392
26179430
46968068
18710414
80021319
86504714
79841343
54737038
11922340
15141337
69991821
50162542
83546066
44867279
52206041
98526573
8137441
59782581
57758694
76223929
34749086
36557561
917993
2648068
21447420
35005543
58399571
32308205
69428492
94748647
81992758
12236401
49437844
74638254
59155832
1235470
40898542
20747418
7430434
37340879
74616998
31247992
63635322
42561330
70214653
83182385
24889973
66056875
64222464
93695466
57187046
1251662
83445698
37224177
74156479
40486676
44721399
43095241
26167593
21319049
51348505
1261322
12858199
39381535
34963176
23049854
70282509
12834963
23961049
15260068
12057357
57746892
13970825
85982135
91972351
69122669
11893823
1252858
75525245
74542656
60624314
26078086
14650337
722283
83383394
969494
85124497
55483007
52612987
17658745
94710349
90695249
14124137
99860848
27081125
76006631
25135388
54392424
1257458
41860743
38129301
59005860
1522220
28320444
86286569
67957132
78909675
45170325
76281564
10978490
37651983
27674924
13120296
67045119
23769452
38911591
76382433
63571743
81081377
88359111
62351875
44121253
51925002
57383754
76845328
98015593
28757863
24391267
53074269
6548671
47198112
11538703
86585432
70725571
11484049
5740793
70865454
711495
93686556
55655850
26209510
40322447
10000414
23366505
72045860
12910339
98985277
20644379
58025150
84441830
70933823
73381675
98349106
81853512
71020561
69302385
76753290
18764548
1248902
49080508
6031591
2958908
29248480
74543325
92689804
97841262
86711484
71029539
55043378
80206372
16199477
70051241
49865883
63496547
51438660
39026852
75633510
56911032
20528082
30603700
45647454
15815031
71898137
28492862
16551250
88297504
92385750
82391273
64967105
15968915
49773205
53642956
813810
2581922
28764552
8794447
73190756
64803458
14401450
24086645
80906465
90355266
45641999
58142471
2983557
89943242
6894595
41678037
64669031
1254238
65732718
61942959
92264965
35664014
64566370
92050010
66249085
88240131
36174463
45018147
39905345
39534033
76604035
8416981
80471250
72474837
59026375
24563283
78759350
31786841
68219172
41773518
73412100
94909982
45733565
84222031
69296595
46240480
57654958
24315023
37253216
6870535
45947882
62452506
34397077
86971881
91702788
93293188
87223176
63342383
81304062
10797479
57238755
82270370
9854586
61748819
75433058
47436043
2360374
52677708
15709618
91953484
74482685
44649858
9779225
29517373
42952116
45778400
31152745
20920489
96319661
5916066
80153329
6924302
64555641
71526403
80889467
83184370
26934585
27510493
63971079
14320195
82001309
1255986
20805365
49895004
98307049
40228713
34560873
83812623
63746745
49154258
91806663
44135103
40745320
9723795
5475841
53977397
68533898
93093423
88760122
1188375
98790238
36499618
94318109
24131435
76991445
1783038
91471515
60447113
99870848
44433221
57230398
26077173
97418895
11200822
36641566
15691982
84003045
51777073
92122310
38388947
65143955
80016347
75193073
45418087
64041689
70700136
42048434
19431992
66554360
25704798
22165410
44943961
18707712
10387510
65197755
47640891
85241443
28639435
32741958
59937462
29258526
72236994
69458996
29405454
76368798
46524162
24305422
13247556
5782602
12636391
43851317
56536636
5038942
59915367
22036356
26672294
27841295
60331870
86347550
11947794
49264174
80629007
85773400
17019020
87531307
14062266
48947358
48348024
8824613
41857673
1349165
11862962
73262404
60749792
57631655
51530984
82723206
1258838
52948455
84104144
81184615
13334026
55470963
1239426
48558365
1241174
18790263
94530993
89536992
40685510
8560403
37000737
47955074
61868685
24774193
30031520
1860753
23010158
72063562
49107777
68288044
51738569
53907545
24855985
73808852
8131280
26034645
41464155
87327489
58580661
81550772
90926677
33608796
21852195
7428208
16278534
2597160
66270557
38992529
97112965
36186269
76984622
31223160
24657667
85748104
5739647
93431613
28861015
2477740
91902450
42874519
55836151
70994454
1250466
21987863
21334491
40843053
33782192
59442420
76378701
54780255
73238871
1254790
8041911
96667816
30121131
49897505
99017534
13600242
10226098
96264599
30545210
80678454
88894809
858374
4830395
75467872
88184782
80836268
87795930
14231026
72589777
51061184
58858344
19392292
1237586
50705877
50754241
56196381
62515373
87039884
73428769
36735210
42500028
8599527
4454940
3061794
63167641
1238322
50902738
92289260
24833180
98572699
10061084
28377490
64843308
71893291
40626253
22181433
88711763
74626081
28617639
66208331
13079608
54559504
64032257
50111482
24813189
1248258
31116541
32101189
91317583
38011119
3358009
73526244
66606038
9263641
98712505
54144052
90239813
81240365
49275360
98609993
28863654
14116809
86810096
62126683
12088695
84885398
75856183
55640140
6870627
53205121
52597686
79144580
46105097
44765533
343680
75066243
88786899
1239610
81647935
63462460
54857180
75649184
74362315
99403127
60630128
42290133
1252122
62479041
57995656
33051496
83105099
18503415
7244691
96206212
4908903
1574738
44392446
91018932
54186535
77490308
8559728
13578818
93351478
80487482
93614778
68398908
54753608
46043537
13861007
10101224
41880755
84484870
38339344
69237063
70433922
39812306
72436352
73427102
75592247
20999953
44621894
96100395
89684239
29681059
9672676
80128261
41412041
96877319
821917
55038500
28494449
57008791
86049969
28782140
27761343
90552925
71776782
58494656
41957034
8944806
51120083
80175224
42000311
98005998
37781664
77263538
45092358
62456591
38047141
38408784
93099357
98492285
62143754
12534014
31449690
81824733
78482659
96160958
63128080
97391260
58465743
44584917
60744370
35429032
58108928
11269014
67414752
1244026
27626602
83174098
89221526
5856535
95851296
56517539
76168154
76418332
22372984
26201015
42348525
54403696
13666570
7182472
1574660
82067082
49692335
7881943
4076558
73099027
54134121
33309860
98502039
17814946
11478632
42180267
47668407
34753346
54984382
5410827
92199027
26572257
65509397
31637510
40269214
33976467
85050801
69440642
91123168
26925004
4415953
52560163
52609365
70203592
64633869
97224187
65080119
59098156
80860627
29694734
68117118
46198955
48371892
92685943
87275106
46025410
50780180
37725858
69022937
1252030
32853644
45190940
18827439
75949520
77279124
15710053
83582182
19215651
43459161
79600408
64441428
85128284
39465095
42149190
1257918
23683474
13482155
2786617
86669406
9837874
75353456
84798706
2296063
95111780
17143046
89153805
38679592
80618546
81536236
30906006
29379369
97595587
62466257
48603046
28455457
97302943
83465637
65330566
13174091
46255534
55766014
25035790
81353456
13702490
14986650
3229129
51789822
33225633
5582255
1241450
25428451
93230363
16043423
69152026
22774782
36808575
22859124
82012438
1324292
54097237
9876031
28896853
97456779
88000416
57853550
69429365
1212305
55808525
90938094
12543843
15465198
97555706
43653559
76399635
14306909
28250155
32143571
91137428
90155643
5654178
12094998
34568786
42280749
60416334
91808563
80487837
1129517
30861920
62854147
77851678
63690958
32304168
4387614
21394783
61784304
1029825
47724215
59262131
92586712
1232526
10695358
1820386
41603446
22087339
50459969
66718154
26306559
95579650
79531043
52932954
26191208
40469605
98424266
48102284
7315212
50588479
95279959
39857031
48507185
38920551
1255250
58269803
24643755
89490761
59732046
47729919
5677578
16337385
32535047
82001424
79825761
37207731
17146912
95821650
45378941
27195171
64389590
88045833
97714303
8943261
73236071
8817528
26415315
70468457
28246826
23751636
21757967
41162226
46563982
81872121
64045171
58566986
75951369
63183255
50430715
85775430
62287394
42415046
17856312
77639996
5643963
61293176
96362789
94825465
44113321
17842649
83793894
35593766
30685996
66385571
49597811
41540963
33195275
52504561
25194587
51745427
14038327
47712387
98730560
17991123
68534049
5659362
13118311
31664568
14356514
78699864
46974010
67112963
88747725
49242558
55980394
50884696
45629225
11272368
42287667
12268660
69680671
34797019
14972153
38609527
21055443
42783584
24629021
56745722
3701633
38654756
34917186
2426992
88586865
87301210
68621473
86494346
47141144
47490818
81119916
36241353
20669254
67199858
31781737
12698717
1258930
56539240
16841420
23454565
60884146
92482349
91569160
38602127
2510405
4370299
26963789
55371762
53106594
66902280
23332427
25767524
70272375
3671687
22647729
34763646
92045661
94034118
97139866
191225
71682863
65778553
42777979
1258378
51318691
27660512
27667950
16569453
91968924
62046186
47536358
15812077
1238782
49748680
11458379
36848363
84874684
78144338
12433255
88111322
75632496
93756139
24602625
35574317
71713638
39359223
18925512
25570057
41086248
62578198
79781915
71201929
88453629
69852423
28280329
49760900
27428555
27949712
20227825
25378369
39608904
76216141
42570371
95479700
47820951
35910646
58741974
40274123
28567113
1815726
2334658
20602375
41273849
5850939
97955934
67491733
95344334
14050870
31851473
44421532
66069200
28468395
93999053
25801891
56565101
66564290
38836224
59390312
70436479
62972732
46855698
80376031
6366256
10521387
10297399
24350630
57606750
23263810
12299130
32883017
70583048
11388493
1251478
86978709
7102684
37330417
25088109
46346347
505049
97621182
89308553
93222861
44673200
26344313
1250834
74360441
60111432
53207199
94546910
84395840
2074911
47457411
8367927
11498659
52071556
92196287
61950947
27568405
27939055
76693208
49805219
76737061
40749419
13571722
53999387
37805433
83408832
57648035
51375083
53167159
83886672
23228952
24480981
322093
43687813
77654090
71741846
69352745
13803208
69469748
474885
49758507
28086153
10795574
57064738
9730408
37240529
90978971
96253055
57677553
33431665
87406948
92134182
45024032
86603858
53307864
10675555
40006134
88918723
69591810
97612804
82074225
76876355
27366606
91274151
99288842
35851732
68951142
62548257
2091373
98413175
7095435
56211812
61204000
6989095
44644673
8725906
68851193
94739693
729490
49863875
63140245
6615582
40103492
82173757
25018664
53337993
44053483
4354910
66431201
20178247
17252385
73259682
55031031
63261344
76847026
97159895
16192087
76122348
69824993
71891287
39203765
96088015
69036532
17728399
59036490
13341409
35247704
51898248
12392396
87314824
51492422
75505545
57941083
51861980
14924678
20951073
15566906
80214896
27758040
30206072
65131098
31207837
83343419
58620634
91408630
97313212
42565992
28001182
77063538
24278878
76624387
97109569
4537726
1248442
92384420
609170
83496368
35487128
13033483
13843862
10041405
85016347
93621927
92477515
32448295
68800096
30131364
76287768
2850218
50829606
71396688
41199250
39016423
86151352
8936017
44185722
23476790
496746
8449907
93979020
13965296
21919170
14429579
33897329
1240714
84118107
52085853
4396437
17046727
63310401
21324672
55483626
16337876
92935789
31556964
83240653
9044717
24296945
49651627
17848574
45470233
76644179
11325528
73867540
12989851
25434778
92651720
64438073
87333594
44287144
41737444
74155968
46218929
78653092
76086388
97659369
4223369
98076344
26310260
41178541
55317874
18633194
79226528
308122
64377195
23342048
36977967
65269799
14509189
11663940
81854001
9475226
80065344
39380504
2649358
57048632
47801186
74447571
71267220
89662479
41317931
56624980
18994942
98816152
16078648
67645649
91685884
25909883
7205701
10614116
45973727
32897365
18204748
23074817
13066605
40698512
17038566
81679844
4902140
88724186
49933609
94085490
43579123
50520239
52376195
72976032
68493118
55819010
7268398
53988166
95034668
34025099
7917934
24299588
59591962
1238690
48383891
4227935
1243290
68884332
19049993
52952589
32606289
59440373
21483891
80471681
70522884
66667842
61301188
96385815
65510626
93800066
62482135
98143833
29242930
91761556
40992352
56417228
8382724
17363889
74936831
76759848
13601355
37692604
8054479
82542277
96061266
221761
43346285
74472832
49012512
80031157
1246326
97182289
87372352
69703626
17635111
70240828
33967279
73399531
17279808
51053885
84695712
61560339
76374922
45826812
26012751
7821139
81193436
69813459
18107209
93745147
40627029
86608951
49658991
69814103
97126938
64166765
76431009
7001232
3748155
15693177
97419252
48999187
87881428
16777342
99935432
30528750
62989562
67141151
79418860
49559341
37050065
48400098
27076554
56761191
8651775
62439100
34232509
69151608
58366289
72851914
32552390
78525487
14720544
24771609
46606838
66312038
2516743
51705056
32184098
59045448
83320088
19557086
61584528
26602128
57007188
68668358
1235010
26096208
44310413
74372430
46300183
26599873
18909461
31250122
38776165
6069036
66724398
99081660
79932383
51675252
76267447
26322067
76314299
19378482
7964702
40461522
22824269
1891697
55545397
23237068
40000303
26899543
84398293
68084150
88907113
76246804
14515849
32364432
61641588
75187303
68785146
70273299
74540569
1236206
24168626
57533903
29735793
5527136
90129637
82068315
79747383
79015987
80939829
75925555
54371121
88842563
77436854
36907846
62745381
97132718
80191600
94815056
75175015
3087025
48765808
8481886
54821903
74665402
38900890
38387699
14250462
12171425
81472244
4417581
15552199
58020968
42948912
1244670
35754432
74569132
40044508
1227026
43308190
50891179
25267699
24549172
95360579
86504987
42470016
55156026
83484436
37978982
62810533
41741997
31856623
34950815
64214602
75926867
73767079
1258102
40828252
45286566
71106608
55252728
42737589
35026720
34848223
52931537
51885842
33306449
91228097
77878078
73841518
1249270
60073630
60787068
36024770
89502180
26313535
86657602
87509662
73782102
30842780
18988719
19603981
68495384
78010444
22017857
33837179
50108453
61598587
67808798
69260825
65831855
34372364
82713202
51169535
46504279
8508780
87194676
19647167
27752323
96311306
28611778
24905784
94147196
84505438
20687080
39031084
73184016
54614233
97348742
49132552
50886523
86001025
46090031
24750511
95600446
75142316
93342211
7931757
71013454
44426204
80179599
1260770
42274819
91818109
40312549
53507882
49078399
49839406
74942208
65861899
72384721
18021532
71883710
4093430
73468985
73025091
76162410
98145138
47411937
47509052
15210892
49058623
18296462
35653675
80272369
16583106
91914675
14246249
72951184
1236482
1247154
94084904
8989593
56671087
42415768
16405255
27456210
32301453
21674425
62191348
1486785
94929051
55989693
84027420
32917184
19285536
93159664
65413666
915201
56786062
55609886
21388899
53520999
37995793
50110526
31689303
23489047
96000753
92340586
71702471
37099303
65931682
95257482
99370477
8621992
26993069
37519447
22990952
77535482
21388730
47975576
42970458
4887915
69250589
44138523
42132957
76679270
83014287
32212035
72166051
85905755
16360531
10943916
10269902
92750624
79868119
88066841
17524008
94116556
18868125
43984048
19429803
86274251
57432681
42080468
87394454
67374971
78268722
40947227
45420582
83993165
60404405
97551404
5592313
15247774
19610619
61586646
43142242
24330009
99476307
55105124
95556881
4495357
65621645
66054936
94255386
61150626
82086219
51574718
35524889
94632661
60883801
93964401
71496056
30468311
67237775
66924728
40348569
42237422
24763068
22487806
82978262
75651256
21944469
60795772
83759804
19729457
99848062
30965811
22374426
73899143
27762363
60422863
77268118
52227067
99326494
78290670
78255051
71254527
21073548
64973805
60120769
42430257
54746625
35917600
35928172
1239150
53754281
17271300
29187350
64618154
34969768
56386469
75786124
1245222
1240162
59418331
6847195
26314826
5884293
1246970
59268914
75596625
69984301
11066335
19718757
71435351
93904144
81985959
97746984
57925563
49968825
73413153
73258842
40363180
22577100
56819631
45540199
75431042
87108140
63969696
2631363
38216476
63235327
47408176
73511034
46049579
29903900
58923074
76083250
39207508
82894421
1259022
40386544
43857876
11850668
1247062
10339823
39881876
86657476
32130074
21627598
30203038
51904990
79387513
27047615
53394738
16977295
95157629
1249730
1250650
96831961
20480020
86808480
80267746
52481118
2346504
79636269
8713916
48868468
37138080
46627462
31012338
25910481
18230503
17800798
9412281
72537603
14434443
1248626
25576378
38185054
41394884
94554879
25920915
22414677
39706941
94754053
81571637
5089658
46465060
74709641
93149943
41915077
81555628
1240990
72386079
90531377
21269143
17319774
66138318
51826912
78269076
26207138
5410897
31724068
69958056
56082090
20493527
11191313
5061742
11252290
31449667
34514899
81433411
8757878
64264347
8835936
4474403
32212157
89862500
1254698
19021684
19068006
8312315
19109055
49658682
32847030
96770671
65181921
46053150
94565509
64673245
81309201
7260057
69542950
43364133
649528
32730512
418717
5998900
73232523
17225800
17132801
7265756
85645193
30183197
43497046
82410804
63115270
17794180
64252653
23183761
21247421
3468721
31545870
46836433
82655703
14264132
58173664
83529375
28894965
29710443
38284676
48711735
81809104
72981742
43977322
3670145
39672094
16797388
67182550
70999649
17238835
3696546
71039079
15085747
63701214
1236114
46964603
92598096
67652893
42479596
69691550
50558151
41809046
53536507
59484190
13990204
80547326
11521407
72121435
75314876
48922444
45856298
97219000
7370117
38934426
8297432
16992033
94083998
65476071
31166008
79276
59727366
71064394
44271218
48256151
6633824
31131690
9549813
32209238
91914480
69657339
75809039
47959424
90185897
65644323
94229376
32550839
22401061
81211432
64534074
16135311
84020198
47640696
76240248
68079613
27705479
94459753
26955038
38238427
81363170
32549120
80334374
81502564
83378976
29628079
7514843
19011936
21217132
81592811
96656857
90118596
69789854
81534201
10207512
37857957
95588534
10870560
84798782
85206318
60728087
67900694
58837444
69813428
94569834
19166081
81720340
52312425
98828659
58006724
24355681
12540169
33842205
60467623
13969788
73450383
1256078
79410736
12374907
80742418
36723721
41632288
45221406
53003798
59556463
1255066
57794619
38272478
6544047
40025914
3529223
8384188
16204692
15657012
91005757
22516610
34809570
16460438
80972797
99348985
61866740
157666
16483116
19288542
24431440
41194485
1260402
38814311
20248183
44382812
22902179
81144507
15284803
8466310
25691364
83621459
37899542
1115006
8597144
58244025
1080514
80922456
30037304
51460646
34609572
70584761
76436478
82891055
91787201
51211036
5648668
16921599
12056980
5715824
82700733
1233630
94261399
91238639
819390
62304147
95094751
49547645
86822159
43389887
58094591
53987397
95132168
66001555
74248256
53533470
27997442
1240806
66456937
95735149
22861616
18786520
4540945
23415220
19828614
90612002
75823704
58995314
73101709
70358313
1234734
25045781
14511957
73582898
63450345
42322168
80375478
90449703
79746483
81714066
52015185
12133489
67375134
1250558
56209574
26669479
78211171
25824803
79830149
24974906
1308165
35723757
98211152
33791521
81148064
29000109
65074877
46549189
32865740
37946106
2912153
44929976
63166257
57106572
60046895
67655028
60178015
53206867
32887013
76435709
38345008
29249579
70073097
37214772
4742793
7389389
1248810
53389736
66791188
7066627
16337742
1243934
56658759
46393887
39768174
43390165
7246080
64047647
59384170
68449283
69102658
55553694
19968704
93086617
67205571
27756271
38609684
93683515
55556048
51156914
70041873
4834422
14456685
54353909
43103999
88534609
65105939
31568164
90824489
78989416
41683394
21527093
93393114
10774757
3695228
23219555
87531540
62917277
35168624
86048731
63602685
81737753
77803119
95338133
33927499
42648622
22702767
49970594
3889317
95020024
1224071
42985691
12684676
27301828
65005213
17897128
10023936
19556090
72327296
9401219
62018401
30574602
46010690
9768901
99636261
75548117
27125975
81682624
2358196
13825116
81446252
7126146
43554645
58126238
1244946
9510293
34080079
87500347
65414894
23062299
34005601
84520435
66148311
3883052
94639317
34467800
42895700
74156405
74439204
8131089
58097111
75244254
9819490
19326753
76869240
74836284
56679669
67591636
19588033
42417222
84087533
63786786
84656512
66495191
4767720
95128250
30549697
67172558
19062706
83668982
52477
10565515
62854984
10165944
83425882
39318694
78265897
57369414
10942067
25881322
89303176
29755284
42845233
86412515
45691997
1252950
34585047
43043336
68883324
68436155
19386084
62956998
10846346
51051673
52009148
45903064
51742585
80896261
17975880
61121642
82201846
88833694
48420971
4664805
7757908
31447698
47382391
13702284
13424752
54914046
14022967
72163239
37010743
14600524
22596776
62016527
66817797
7864438
24441221
80882424
46670254
44162418
32385089
37589870
84369481
54560014
33206751
23701059
67816145
48659472
14287765
80575054
21889293
97221671
67801465
13799298
1754846
19406372
66441211
32072156
97645554
34546017
1234366
11905810
12823634
18471209
37134734
30090729
1257826
726362
5804826
18875764
73085685
65102998
93594905
36484795
40699104
17204213
89852776
82631019
52173748
24583340
27593758
36044709
8201129
42200665
76543264
6491078
11728586
26681729
72962267
52444221
850794
68038497
82294534
73414026
55284093
78399517
31151567
6609355
62305653
62691143
93342643
27370382
84665822
63348167
26955991
1256814
84309613
90481204
12826558
10639226
94033562
80826593
34109369
81789743
6074356
8748757
26159163
58024553
29776919
87791385
42669449
82997973
9509313
70026500
75656940
14487908
59820776
44578310
44733367
62768764
98745737
44473166
93087721
43817373
13595195
45361347
83834786
84705247
54751560
4310488
1242370
119794
8805403
1682295
13713416
91340950
49318938
40127726
70175874
55234282
14399385
57296512
54161155
99335125
48365071
14115257
60318702
27592834
5994957
17391113
63206905
84260865
30704946
56545731
57001359
84628123
15191886
61204116
1244762
49743305
56914866
20524890
2926960
79880611
18909901
87970961
9765514
2823719
9780916
80402004
60939881
1586532
96166265
40948927
85751883
95270401
16485838
45775879
1254514
52865990
38515622
52187814
9317112
83192289
98624623
44877836
13358355
58602767
84164048
82235092
24925084
8929923
20214590
75170276
47249094
86879511
1930836
32863036
9063058
5263621
72739283
4176988
22818872
13234023
28554448
78361679
68134676
60946986
23050295
57488899
9475663
86259434
32442513
38040639
41814291
93525498
77335035
63745116
11661293
41852817
21743053
99831136
49958028
8596961
74146522
14846174
3618077
43394751
23397771
1237494
18663360
90428537
58550097
36085722
92017718
40575288
82608464
15103942
44455732
8309947
57611167
56110978
20323569
93717341
80400168
93110375
24032375
69762863
2498644
12182934
5085715
9597369
38260920
59223431
75256528
63892631
3560562
72001214
43317290
12272404
11154288
16993046
86259455
53948445
93155882
92933778
82714404
93961515
7827420
56916456
35785316
5978013
58662226
56728099
2410808
46841691
99998999
19915238
13525250
40171701
23617839
96683703
48904478
7791040
53025151
70186861
85443477
71478657
46539396
68116269
18420584
50830865
32053271
48471026
11667616
39785400
37189909
63072134
16869725
22919861
42754636
6313555
35744774
1259390
389551
32771815
64729085
91157749
21654704
95294172
10749484
47739442
11631315
51321988
15627868
63082289
49009658
26831143
38600635
66959980
47317447
53292299
36244319
68343562
46329115
37937807
11188829
73102179
42832941
44102176
38309996
76019205
79075952
37613440
43197817
67279474
4133067
6494797
30166204
32085451
68032827
65515650
70970842
33750655
18158311
44873759
34869257
82125709
56893319
56758516
11483288
67439891
1236758
59288890
76324614
51578042
60285783
76138397
1140964
24535691
61251550
24454330
28697335
88957987
31752966
88838033
50890693
6491451
92333578
1521839
56030805
68019653
92706212
21698958
44816286
48082099
81598890
86329611
24180704
43224000
69661615
25402532
83245098
20299730
19413527
98510440
65162466
24564917
14422960
35077809
16289306
77156511
66577943
82016830
44436128
80943724
43306906
65086594
58677758
24758830
42416973
12297371
5198492
85101093
80975043
29865931
28341889
89510598
91279827
53573293
92253945
21203095
90467825
7413988
18576865
36087652
83316977
3492440
26397659
30771760
69007250
32214826
10080611
72620758
59209004
34537275
1236574
6583707
91899637
72984365
1258194
10340140
61172564
15643077
45405436
84199771
61005114
83298092
14720364
57893412
76733143
61335841
849079
95836505
48984850
22108850
27854040
68141760
78799488
11143268
80125169
36459726
44723899
62251918
5831688
8601819
68107442
29709029
83926758
49615922
52394848
20916273
17423839
53842065
34376652
12101214
1260218
22055575
36104864
23288660
68253819
67027904
82761448
24436710
23579340
97293678
68085653
98930513
53618584
92055947
39737008
11575169
72915497
56638903
35958791
37035023
34802194
2532517
13411891
4536264
94757856
46758413
4202993
63583464
92641822
40911496
10118975
1234458
52824191
48068773
81728522
94263849
96113073
42745963
69694966
43214469
3840538
65985813
92393764
49430090
47134970
72873239
33318660
53415752
36557436
13711348
49850903
92907899
7724787
89834148
92125087
8396378
23160559
15015145
3322519
55240116
607431
55385724
62231246
52887239
57462022
81773600
74821433
60336741
41758915
34449880
76212266
53218202
36391212
68699414
17601621
54597420
24929231
32926520
98457130
4031581
32682936
55505873
21856440
93142643
68338102
7176740
86068822
64960503
62738048
23106377
97638922
15271405
98287792
14927798
86731135
74025024
5465992
81482508
12349041
76716939
45843714
49670119
57878084
24845254
60859775
40276252
37800515
82263888
73091704
45835377
19477804
50485079
63613378
88614043
35518138
69977005
48760787
74176615
6661010
61049389
20206348
83443147
75915495
41767597
44427332
23947482
33317133
16007629
91585119
78744974
74835370
43314469
88178867
81535521
11481169
38553615
43270883
658430
15003264
23206918
46047203
37115862
40854766
83708392
54022065
74353732
75461980
1237862
74891674
98884515
30842984
87814679
21233661
91496347
86717947
36314588
12016657
62550736
3872563
73188322
12751910
1249086
27984492
57066005
3380901
10318507
89090801
89983802
80079449
11494200
62944026
31486622
90819945
58718685
76190535
40964006
37577384
45038901
45803666
2670109
75809834
31854224
35076002
82055888
495384
565802
13151935
84187246
1235746
7573930
38116818
11137282
4725956
47367864
72334087
63268636
1236850
66414241
18106343
54078463
65376692
60873517
25914760
9767839
34387875
40941528
62537009
53448267
1232434
10797975
40973160
68832267
66010752
65227223
90293548
1257642
72921580
33865907
23285277
86544477
95726261
1240346
3746230
81878307
67098492
31119707
31897217
30085819
80300959
65307555
30269570
26299483
38449334
5610919
15806255
28939209
1666446
40828609
35895691
72000570
82442073
62050711
7930522
67125244
95838189
99759975
25144211
5342332
5817255
7056496
84715229
80964236
60524308
92789682
71447133
24637854
29761876
15715557
12711152
47536009
17765895
34476913
59107204
11153295
3051601
98323655
22337533
49212866
2361749
19200270
94039148
1742543
31495671
68512218
99452791
44328422
64169958
94517189
26749222
74941473
3130737
26196534
7731309
41903310
14441720
38100624
65346966
1242094
14598008
72427291
1255526
48725619
66826466
602196
4768209
311199
2467378
58884544
93855131
90259339
66171535
8702547
61137988
90680405
67226746
52239724
50596369
49883924
45959781
78596267
81097365
32605169
21731945
39989560
33920918
95136672
28850033
40847510
47137546
80770580
40982152
73715214
59080542
39591583
69548633
45859867
35681332
26754638
31667932
91781529
44270943
63224351
19369891
6015624
35262132
1255802
16083712
99778903
31412812
85701269
87881356
80250071
20931949
35323156
32824532
41988831
15771484
89747492
14869424
56320595
62721972
22653135
20271239
21062193
36263366
2212837
52376340
34399106
34048477
22469749
63475314
84728014
13954538
49948035
50940391
65235977
54001709
18082288
28998997
9585954
94073537
13463077
55256247
69979476
1259114
81117090
58058512
49511257
33363442
58683805
2346356
92936904
50271514
74806668
31297594
71554003
38442982
87530414
68281007
66222069
44628398
98214182
37054486
34697649
46533975
6443914
20339984
57060061
55027633
38726899
50063374
32476839
71680961
62825874
978030
7050014
50614840
69981824
54418293
35080142
67897805
71866341
21435090
21452998
74749653
17882202
49466577
79274548
29096245
51384688
35338701
39609101
63322721
54555328
21158986
87290582
84229854
44763864
34481365
74931984
96440848
96464617
13754966
86571742
66089567
2502264
48411233
20944047
9826723
44571446
91428068
75412720
33775445
4917279
45025052
23053439
19103525
67933319
16033984
4234048
84731822
1234182
50759891
63039881
11825861
96872287
89543411
4965094
73396400
26044197
55909629
17234936
19412321
36949285
90919254
86185410
10505826
37110483
39272946
1331224
84939741
37847769
34280034
10314831
37506696
32668212
11926983
50716075
53681007
26217213
1916452
28957954
42196891
80138011
30847816
39805465
42755614
1250282
47151993
28306723
85196157
48492807
71943712
42410336
80336924
93160662
96173865
517165
24115503
82865873
77281237
33373296
41920974
28211045
37235577
85327489
31629326
62725257
93926004
1260954
91366749
70417207
15032345
55882820
71895412
42550974
13711140
82039903
65656037
6125881
81214135
16633282
33059176
4522839
88824293
50920305
68588148
57248708
83865262
94288311
10500307
44540725
63503524
60900872
33353297
67497037
29252866
99316541
9519547
1239518
90060628
18673696
28773326
87415530
92144702
24864529
27772532
38154903
12102629
96571710
20580643
5523773
41928069
71475812
12304521
81740930
9032323
62729967
33874327
82811221
40398974
59852594
28787317
1251294
15027618
9178994
99514342
59049814
39702090
78521540
29473417
70419899
33889864
88975756
28019312
92616589
29617219
15448025
51367472
30830688
96634572
64390730
91752588
38063494
81022648
32995403
7581945
50767111
55748233
78310720
556205
62194361
75659928
39124963
33563636
83897062
25690779
8045167
34257021
77789624
12497156
10965112
66238476
84348661
98060019
3374521
9189263
60213837
96808185
20781008
53125844
27672586
39531402
25203485
81788369
95440167
1238598
76521294
25908972
84848935
79737010
58863211
88428664
44642625
51955119
63388966
78408946
41373501
42902240
60030148
69078087
35297619
99108436
4902058
83718510
80146108
15515695
54961413
92437213
1506937
64487125
94782943
51820374
30024442
21520216
3945239
88250528
60651411
4533190
45826192
78287897
66155907
1249914
46446257
32911280
18192917
30851051
1001884
63539711
89035320
13124982
17829694
94171925
1256998
62553733
70819414
96258626
62263170
7737434
7828439
42733666
31575988
32470064
90860358
88352819
81027252
80576107
23934620
241422
99178239
52154770
96913025
87313277
19330877
65714933
35794705
69800454
83200794
42384355
6627019
16650056
4823149
69754745
59271612
9233968
92065603
25881892
43832331
19424023
1302647
32084399
65420674
72327354
52487501
63891210
86881238
76648218
42379199
14218508
18702285
66739434
89661162
71222783
17732556
78298449
82758985
50208805
50799105
48047369
7129449
44310389
61402325
84140823
16376406
52916255
13899266
55183261
1252766
47298484
95115875
15634192
49518816
81347023
32186523
67621911
47521622
16011425
85451347
43929401
51771186
1256354
20723387
4132611
46920840
91521162
1252398
30814237
89761217
78485109
1250374
35466563
5522007
48964376
83304333
65243451
62685367
1245038
52504786
54623804
53231248
14484219
9833383
3464513
80275461
96589534
43710702
48892675
24979117
31431469
18204379
91700936
89236263
15667486
82925828
35754137
70896412
97140752
22032727
71138843
22887716
48989806
21699357
79603104
70233445
96605313
27824063
95813372
50449068
60741753
1400299
1944253
17708520
96414826
21890353
82658338
79113593
3574512
84442308
81844001
18817085
1255434
20780046
11312177
17986535
66473889
24939226
82288249
71657319
1253778
34768180
54139555
53957053
76883111
10994537
1257550
98092011
1234090
73455358
95108389
9814120
1752987
30615282
79404056
20480895
67221155
17781447
72567955
20947563
33243556
41846271
69822611
13358120
4553948
13202754
13293133
45210637
39313469
55860565
94788182
11408133
69574140
68642639
7693507
6221595
83123835
47211427
14504282
47319645
96950311
37896776
75033216
55380505
22815676
53583519
28173949
87056997
34805036
17442402
49193883
89253390
8479808
2919877
61092465
46865473
50526110
17990752
87820098
83131303
76459573
20351332
92393360
45458577
39194588
43783362
2004952
49465171
21847620
6075842
12813680
29567012
3632568
87562329
65031162
12039958
66292023
35757446
56486681
6935106
75412988
46800455
1256906
86794989
13383561
19340441
1239334
25809399
10199961
57205468
66707340
83664715
50625428
12694832
10914203
41797982
53296106
17062855
86865569
84884668
85975351
26569463
35463357
40563819
1244394
64182674
1238874
62857057
87423437
85679085
16830359
57644224
22031210
76840257
52677766
26888936
66711103
90869818
26974976
46674025
47277422
21852753
94672809
19069784
39914341
96915863
25682141
19906623
77219091
82154272
22028105
60304742
64716096
13517522
82462220
97007352
67113875
91255090
24315049
98727830
1261138
95690126
59094434
13406892
99447935
49959091
93452296
79365700
64882982
39524720
42976388
1241726
8506732
39790244
49758594
21820655
11824354
92787820
2235090
31169817
89348528
5748966
94059298
60982679
99565364
31639569
90588270
98614664
93357143
34548385
40557483
6452474
43633352
33734826
8258932
48957210
45027265
38174116
58861170
25347034
60020716
93568699
63125162
87461730
6565358
77916240
71935852
41022532
44121269
47362742
2348962
22376492
87297701
97431176
79828862
76538453
1074255
80499112
72245764
1831511
3643455
1235378
13856445
69969468
19717556
53642565
17270295
6463654
93574001
90838734
12229790
89439679
27930437
95477750
7132662
76515640
27918119
32588489
96845893
28956310
91718980
55418471
63885322
32119344
11014816
21557190
73708825
35771424
46737313
42155694
37135942
51957055
99831452
96626810
58296088
7099979
24458478
37200011
45918094
82736555
35293678
76350846
43347055
6234650
32514235
50806705
93361988
73301969
25169773
21944022
21874396
7876675
40150190
17288070
88831243
99787306
28093717
63806157
40653022
38167217
94137902
30024437
17172770
59045543
52029399
37296343
68612521
35940798
87671779
1048051
79222244
1259574
82408550
25552543
46394609
81035968
46356325
1235194
1247706
4193919
64250820
87220168
29092650
15933469
76148170
55908564
65907377
14596677
82338524
81955242
6518571
71940662
20520077
64359961
97093173
88709715
78348202
69934922
65070082
42590962
34802058
45117077
89543858
47054411
73537368
5703092
86282661
23980793
70099684
47580622
65702043
17246987
16276460
35331880
9777158
46291293
25708877
48838782
812390
97259795
39180965
72383691
56059177
16368021
97517466
38566314
22620576
63410389
7860756
62177610
19001338
40670302
37903892
61441943
79516563
45457137
76263610
31959979
44565524
29375046
74991080
25796089
24855040
70816187
64582561
36683611
56191152
9768436
56859857
41331576
10061542
68474133
18327664
18312697
15690416
60732790
95416669
38086731
2208232
43270725
99290419
43895659
75601082
16304723
44372790
97898979
33353323
30739362
82333880
55480251
25345452
1260060
1241266
11896787
11643047
51676616
17906244
22633240
78544971
52614655
20522842
1234274
20096812
8714561
78670019
65004216
2345116
83502930
1246602
70327216
47685199
36446033
51770468
64002226
60951137
24035040
5135144
15447082
71467132
25816218
63991119
84165306
6452419
24213900
31845194
92445083
4896862
18270250
3753045
50476477
15130177
92390643
54726592
16518462
87287229
81821534
65189385
48873076
72816856
49963862
35278053
91526565
87574344
85172456
95142000
54204393
10310303
1434973
24012881
66343019
41695202
85098897
48735808
1236022
52866542
21377334
43172998
13610410
92294771
1235654
75067925
1849250
11286262
92057938
81881017
51777594
27481034
49192918
40642898
80364956
78828513
9361447
77521172
27687875
97641208
73036722
58831107
23763568
19028557
6506020
48785909
4198650
97104929
3145923
90425122
28157055
27345058
26674712
73747259
4654683
53023354
18200527
62063121
23490719
36530859
4308131
77499124
66359662
51624728
21042600
52959232
2904877
43557058
88451607
21090237
89147770
15664818
30831028
92915024
97869595
16961798
3753950
37942554
69884339
18008758
33390666
35883720
15928607
44483122
66162165
85309547
79070767
65730827
82589602
56194749
4329540
1249454
24860515
61260509
1234642
62231633
85660618
45940908
38330912
78636348
48494636
38175511
1230459
14776160
87457124
59046849
80151989
89807856
45901277
1871002
19467488
2663485
56622450
46605708
69982780
15899231
77434081
88261818
46905620
95928631
26943979
71580738
3094826
95910784
20360448
98222714
32523710
49542071
78854087
71822416
62877747
41885164
79311336
49684729
85167969
79684647
9379624
18990548
40052959
11144745
4209826
78239884
26935246
68066890
10301622
88879738
37233662
10172773
3302421
44853053
76378669
86307002
50561526
70553516
20374227
32939747
85664354
54690529
33071133
1237218
27909627
79789608
1241358
22387867
1246694
66345947
13639396
1254054
19170718
77516798
90356275
99215366
69927490
99009751
1253318
20753618
1254422
60630550
33851171
42703421
47693547
98613138
7119235
38769987
70715612
91033535
14780502
78613997
7290859
98686800
65289310
69775532
39691710
43552826
15117490
80502986
1239242
71638769
39134089
79082679
86992246
18953545
8239798
59891193
99916609
94034199
63892818
18833070
1247430
3119992
3954704
98152659
24901766
55673162
23491637
7424425
55730490
45508436
48594034
94481691
1239886
2847951
94462360
58896538
1259206
77042433
18580682
73307552
45726200
50836236
1089686
90561825
43436182
59806883
1257182
99582878
36602493
11101329
66542649
1255618
77641193
67282705
95840528
43426166
40132989
52592637
90318941
83595039
87097558
33386193
54302310
79025381
16558818
37054658
70292070
99720141
80393537
82667660
85768326
43699866
41219719
13984589
27176718
47661439
61022696
5332126
55479058
622656
29884810
30817616
2907812
14051340
86656999
5862130
87373848
47067977
7408783
58636322
81309435
2507224
83490300
23900424
63788218
23921730
38325405
66418817
15169089
86047186
56866279
19541751
13579050
15012275
99455654
19120435
94661396
71326621
25124063
59749612
58823877
76329518
86633702
39633880
22639342
86740041
17324866
47024386
91593072
9639379
25629080
63115002
74012235
38556480
4174727
31371026
67172200
55883247
48564620
91368776
24682990
29953187
63900447
84315843
38290832
50313017
29353701
88535187
91307224
39971077
4588559
99394772
27231612
38752474
7170147
40819921
61811094
56867989
42188260
33163176
43513744
13005934
35520898
30494197
98257494
5710120
1242646
41795020
16383074
21664329
59324940
16062299
82481789
85916580
65066211
95082556
80895081
87810250
89308391
38179641
44767504
92051463
52653434
68598331
19368190
25897485
74563832
54113118
36424648
92682897
50035657
98321030
68271208
92759761
9053016
31546416
55452628
12976487
85480622
45643044
83846811
26920318
12431070
59313727
83867120
66615428
62656705
74785316
88722993
78118909
57356100
45677283
95696293
37531756
72595114
66063917
60875404
4013311
45115950
34218198
76513557
19897694
5264014
35465670
54562423
96717639
37957810
78100348
21388031
68458409
83392552
47956165
176447
24550745
39114245
61605605
43223876
26180176
82136281
88510137
12348256
58468558
8942216
8310693
54386587
53004759
53515039
85361397
94343531
4496180
37203383
14203869
43018318
44685737
3842707
55685622
1275083
30627255
50169908
12906739
92048923
6125462
64259412
54667518
48853132
11202070
3518202
47490715
1254606
85183571
45617926
11718961
50085271
51163618
77829851
54536325
88605790
6090820
82515274
47657408
2738937
23360086
92127235
27093990
95635257
48336783
66908223
46811613
70226267
68434148
97518548
5469304
71160908
45621072
21147501
55892768
16432699
1244486
1253134
51607086
41952404
83574895
12344361
93896565
71803861
5708968
70716055
20392929
5364687
50042204
57858820
85144606
24799573
53982287
65501896
15391956
73956943
1236298
65342151
40086153
85530916
12798537
44517887
2543217
9693000
75169046
81682604
94790391
966704
76784585
94728491
71147440
99249779
48344496
94409782
60042077
51558065
70751172
24111625
59524777
7744233
1251110
20874603
48307219
84287892
25307176
22998325
99855219
9047040
69519615
35341925
5709877
16781709
74263279
61784421
73794902
54122614
96283004
50494862
95003826
50285012
95401227
3872389
65428101
10963455
26722654
99890785
1237402
44198703
28754648
9654200
43173116
93458746
53565996
86221522
33354478
98695107
49553162
27224621
64028697
40990360
19760826
66403104
52304942
2763328
11650945
4749252
36748676
63019493
94808659
31188685
1259666
38707967
68941662
7228515
40529930
96017117
60712444
69394367
32069760
55607479
86434457
26662526
46890923
61285435
44901254
89077994
22283312
38626277
4802974
645037
8657292
30011938
35687270
15403399
79669223
98752603
11793433
98478775
92758597
42335230
30712100
14011959
25298448
40581990
81134826
92894038
29507915
82176170
40726483
36434339
52132322
75522042
93575788
25002378
33104478
1841098
3464299
62336155
34252627
1247246
19692620
7789133
60557236
