20 20
100
12 20
14 12
14 14
14 20
17 12
8 1
9 16
20 4
0 11
11 10
19 0
10 2
16 15
6 20
2 10
1 12
9 18
0 3
16 7
12 0
2 3
12 14
4 11
3 3
19 5
8 7
6 7
2 13
19 15
11 2
17 6
19 18
5 12
14 7
12 10
8 15
6 11
18 13
17 6
15 3
16 3
16 9
13 17
14 16
18 3
11 13
2 17
7 4
15 4
8 9
3 2
7 1
15 19
7 5
10 5
4 4
1 3
1 3
15 14
13 1
17 11
17 14
5 12
17 13
14 8
18 16
17 3
16 8
20 18
17 1
14 13
6 5
1 0
13 6
10 9
16 16
19 3
14 20
9 16
18 16
10 19
11 11
7 15
5 17
17 13
3 20
11 12
11 19
15 2
3 2
4 3
1 14
17 7
9 9
8 19
11 9
16 18
1 15
1 20
18 0
