10000
16074 258
18285 74
23738 58
4801 65
2568 155
3456 122
7779 122
10550 132
5051 68
21873 202
6677 196
20649 283
15669 112
24455 257
2568 221
4930 45
16662 106
24088 120
22917 48
7151 142
14561 207
12112 93
23439 262
9968 296
11359 304
24088 68
7596 107
5652 341
19848 119
18285 103
16862 70
10426 113
322 317
14710 146
6027 291
2109 72
3960 110
18096 143
19743 95
6677 62
23439 266
14026 196
12553 261
21873 46
23262 137
14710 102
7973 75
17022 237
22917 38
15166 175
15916 164
7973 124
16466 149
14302 221
2568 217
20753 145
14710 110
21425 125
25081 179
16074 256
8888 234
19137 212
14843 219
18966 167
8559 88
20497 41
10426 37
1757 68
16662 171
3298 314
10982 173
1209 52
11760 107
18096 97
23081 249
12669 182
13209 194
7044 89
23439 294
8888 177
19976 107
21425 247
13360 262
22917 134
8995 171
5348 100
25081 217
20164 115
10550 124
1930 133
4485 185
14442 111
23081 303
19137 127
12112 203
4669 148
22512 68
20164 161
3075 63
9968 300
16662 163
9768 256
24455 243
11359 88
25081 97
9968 81
17196 225
17821 103
3298 52
5652 178
2457 356
19848 140
13860 86
5652 86
9668 271
11171 77
8995 192
23854 80
12112 267
15494 258
15326 176
12669 122
22814 52
14561 216
12669 140
14302 141
7151 119
23439 142
14302 35
10982 209
24568 81
4097 133
7404 112
6513 225
2881 144
13360 234
8995 175
10982 197
13751 168
15916 126
20753 279
16074 305
7151 115
25081 203
19137 219
658 130
8559 119
7596 230
18966 117
11472 125
24568 105
14442 136
20897 99
18096 298
15326 185
6677 85
4669 162
1209 136
3298 247
14156 134
10811 82
2109 189
13360 100
9668 220
17389 104
8449 89
10426 119
21873 48
18477 291
24568 239
6832 202
6513 86
19743 257
2457 170
14442 164
19287 295
6344 84
12420 137
322 218
10550 85
17573 272
22659 125
17022 103
16074 102
8995 157
17978 86
8723 253
15769 189
5184 80
2109 89
16662 114
9248 215
18096 88
20164 212
23081 241
15769 220
2457 317
11952 71
7044 107
7973 115
2457 299
18477 331
6027 166
21240 205
6027 176
5051 188
17702 214
7044 114
24088 266
14982 47
15166 126
19743 200
5348 139
21721 188
12420 86
14302 286
1930 73
1930 138
18831 269
16862 108
9394 81
10982 248
3188 163
6027 161
9668 185
16279 88
21873 206
15166 58
14302 39
20897 71
6940 78
8299 127
7596 224
13583 227
15916 60
12553 323
1757 147
19743 285
136 86
11952 131
3188 221
10322 183
2457 166
6677 131
19743 141
12862 168
1757 268
19287 239
15494 125
6204 184
8559 122
816 94
14302 69
20649 93
4930 86
8137 177
15494 207
8888 147
23081 135
6027 141
8137 106
18477 132
23081 301
5348 183
8723 108
7044 65
4930 68
2457 116
23439 84
2290 109
3960 165
21873 284
22243 100
12420 156
473 69
16279 114
5184 311
322 244
4669 156
19287 74
1097 124
322 208
18647 203
21544 260
15166 177
15769 91
8449 134
7258 228
24568 107
24266 121
5051 106
19287 66
17022 192
24455 175
20649 39
12268 188
2109 244
24455 107
18477 327
6513 72
1757 286
9968 158
13360 193
2290 123
1573 254
3654 206
24455 289
12268 192
20649 275
22512 54
21055 131
473 164
17022 69
17702 283
5184 236
16074 130
9668 162
8723 228
19287 171
12553 120
24568 113
22343 123
5850 199
7044 122
11359 139
13860 75
21240 101
4097 129
8995 181
9768 126
2568 240
10133 172
12862 100
16074 105
3456 75
6513 229
8723 181
18966 74
23586 43
2457 384
4097 236
1757 189
8559 106
136 117
322 161
11472 74
4801 30
7596 233
15494 56
6513 177
16466 119
20164 225
22917 128
9968 166
7973 173
1757 158
17821 181
11760 52
12112 160
11614 155
4801 267
24266 99
22056 64
18831 252
7973 150
13860 71
24088 250
12669 88
9668 268
5652 337
13469 66
10322 82
3960 102
17702 160
18966 131
16862 50
10665 91
20649 107
18096 231
10982 358
24266 101
9248 139
8995 177
23081 323
14561 222
6513 69
18477 100
7596 199
11359 54
8449 98
18096 190
24568 79
6344 267
10665 279
5348 191
4097 230
24088 254
21544 190
2568 43
3456 184
23738 218
10665 303
136 291
18831 105
15166 104
24455 229
17389 155
13061 119
9248 195
19743 206
19287 188
6940 113
2290 147
22343 83
23262 91
3654 272
3841 153
22659 85
2881 99
17978 26
18096 312
10133 118
16175 106
136 309
25081 81
16662 84
1930 136
1757 107
15769 123
6027 327
17702 313
2568 80
21055 101
7404 213
6832 220
5850 228
19848 60
3298 139
8559 236
22814 56
6027 300
14442 115
15326 97
19976 154
3654 113
14302 263
17022 65
15494 238
9505 77
11472 112
17702 310
12553 136
136 120
20164 151
12669 128
22056 58
15916 134
24568 57
15326 268
3298 272
6513 213
15326 113
21873 298
8995 209
2881 87
4097 195
19848 125
136 259
13860 222
2881 223
7596 188
18966 57
1757 165
6677 238
1573 180
16175 131
12553 233
2109 260
1097 152
7779 25
8559 43
9248 217
15326 336
10550 92
4097 154
15166 186
5652 278
19137 314
1573 129
9668 319
18647 187
1757 296
11614 160
12553 294
5051 64
21873 98
6204 103
8559 293
658 338
16279 96
12112 151
16074 117
5652 168
10550 165
13469 94
2881 174
5184 252
13583 265
7973 196
24088 118
14442 142
1390 144
3654 259
24568 261
5850 250
15669 58
2881 142
3456 244
19567 60
19567 145
21873 174
136 214
10322 101
136 173
11614 106
24266 93
18285 109
8137 197
3298 220
14982 94
816 159
22343 117
3298 172
21425 283
21873 80
7044 75
3654 126
24568 89
25081 89
17196 206
4097 87
17821 151
23262 151
8137 164
9668 241
22917 164
2881 196
20649 247
9394 37
9768 247
322 163
14026 139
2457 216
8299 123
17022 308
23854 160
5476 132
9248 226
18966 222
13209 305
14302 135
24088 102
2457 273
15916 182
5051 86
24568 75
5184 94
13061 67
19743 289
21055 127
20897 103
22917 88
10982 206
12862 104
7258 134
19567 83
4097 160
5184 221
24952 213
2457 225
5652 272
3298 297
6832 130
473 200
11952 126
15769 87
13751 120
20753 231
23262 95
6940 124
18477 144
2881 113
18831 173
14561 65
9668 170
11760 69
13209 190
14982 160
23988 107
23854 66
24759 40
13360 238
3960 126
8299 83
7258 265
14710 74
14710 81
7404 167
19137 192
8299 132
12112 171
136 295
23854 140
1209 74
10322 162
22343 141
19848 112
24952 99
15769 235
10322 30
14156 76
25081 299
14561 233
5652 294
18647 99
14982 166
10550 87
17821 117
15494 278
17389 144
11952 134
14302 113
3298 143
19976 133
6677 80
4097 137
5051 249
25081 263
9768 122
6027 205
14302 58
1757 144
9768 90
11359 297
10550 106
5652 93
17022 107
322 331
14302 214
11614 163
14561 178
1757 115
2109 264
136 169
18831 246
23738 116
17022 175
6677 275
3298 48
2568 308
14026 218
11614 165
6513 266
18477 261
3841 110
15326 225
14982 23
658 203
2109 103
1209 55
6832 122
17573 236
24455 259
19743 128
6204 283
18647 85
6204 201
19137 56
24088 130
16862 137
16279 55
9968 266
14302 162
10550 94
5184 199
12553 197
18966 215
24568 303
5348 211
23081 151
473 161
7596 239
5184 327
23262 89
6204 138
24455 267
20497 87
5051 72
6027 208
13583 293
17022 95
15494 85
20164 75
6513 320
473 120
11359 164
1757 185
12268 156
7596 135
4801 151
5850 260
15916 124
6344 136
8888 135
14302 159
8723 242
14026 135
2881 150
5051 104
19389 122
5051 257
9143 78
8995 161
8559 289
2568 196
6204 219
7404 153
21873 228
10665 101
9248 54
10322 62
21873 84
1390 138
10982 348
2457 244
15494 281
5184 323
22814 86
10133 216
24952 227
3298 97
24568 127
19743 272
21055 91
1930 112
13860 204
7779 51
14710 94
1390 76
15166 111
1209 150
2881 212
24952 109
9968 222
3188 89
24266 73
1573 79
8559 126
1757 66
7151 111
7596 257
15494 298
13209 288
19567 141
3188 208
6513 64
6940 98
14156 82
12669 130
2457 295
13583 201
19137 119
3188 167
8723 219
21873 226
136 242
14561 92
3841 118
20164 147
21425 257
13583 164
21544 196
1097 144
658 189
14302 119
6513 347
11359 185
22243 122
8559 258
11171 102
10982 130
9505 94
13583 178
1757 319
6344 154
10665 183
20649 233
6344 133
7151 90
6940 106
6513 259
5652 198
3188 198
5850 127
20753 311
2881 230
5348 129
2881 225
21544 136
17389 85
23081 261
8995 106
2568 318
7258 88
816 129
18285 120
12862 148
11359 151
658 382
13209 228
18831 107
17022 288
8723 168
12862 107
12862 160
2737 163
3298 233
1573 330
18647 228
21873 240
22243 126
21544 276
5184 160
11952 92
24952 151
15769 174
17978 68
5184 51
17978 126
16662 77
2457 361
6513 109
2457 104
2457 328
18477 191
20649 259
10426 134
9768 59
15166 40
13469 218
20497 103
25081 113
4669 182
13360 215
24568 97
14710 122
10665 105
8723 135
20164 159
14442 184
13860 173
14026 162
15326 194
7404 221
2109 238
8723 267
2457 153
2881 247
6513 251
9968 170
9505 43
8888 209
4097 49
1209 59
20497 43
18477 122
9668 291
17573 110
20649 147
5850 236
10982 277
658 169
18831 242
10322 156
18096 136
25081 161
11952 121
16662 53
12112 274
21873 160
24455 151
5850 173
14302 94
6344 247
6832 257
7258 143
20497 157
24455 71
6513 171
19287 169
23439 170
8995 216
19743 183
20312 186
18831 250
17022 208
10982 379
17022 74
3456 48
20164 207
21425 311
7404 73
2881 243
2881 125
8449 237
16662 158
12553 309
9668 81
11359 286
19287 220
18096 360
4930 38
10322 70
14026 241
10982 167
7258 261
18831 267
3456 236
15326 208
11359 135
8888 203
13469 222
9768 109
14982 66
5051 196
9768 63
10665 299
15166 70
8888 257
14302 199
17702 261
11359 250
7044 105
10133 223
12420 62
21873 28
15166 142
24759 134
1097 150
5051 97
13469 280
11614 79
9505 89
8723 189
14561 32
1573 248
2881 162
13469 278
8888 40
24952 167
2568 278
1573 283
14302 154
21055 177
1757 231
15326 91
19976 180
6832 224
8137 249
6832 234
13583 137
7973 210
8723 212
15166 48
23081 193
9143 43
22343 37
13469 230
19287 304
8723 232
3456 227
10982 119
19137 139
2109 58
12553 270
24952 85
4485 214
2290 172
5850 132
1573 274
3298 36
18096 186
12553 123
19287 95
16279 50
13469 275
4669 226
19287 209
18966 153
17702 156
23854 96
14026 254
11472 96
17702 111
6344 178
3456 151
13469 257
322 309
5476 84
7596 191
15166 146
5850 222
3188 116
15769 131
21425 73
14561 47
24266 59
21240 117
6677 334
21873 238
4669 204
23988 129
23439 92
2568 37
9505 138
2109 246
17978 79
4801 61
11359 100
3654 130
7596 263
9668 129
10665 324
2568 45
25081 235
10322 51
19137 113
5850 145
21873 154
5051 239
23439 88
136 156
10133 275
4930 78
2568 188
12112 49
22056 90
4485 138
17389 70
8723 261
10322 191
9248 85
8449 239
9768 229
17702 243
23262 143
19137 296
8995 112
12553 267
10982 297
23081 283
5348 95
19389 126
12420 106
816 87
11614 147
23081 265
22056 78
6513 92
21721 132
5850 191
20164 101
18647 245
10426 73
24455 41
7596 197
6027 253
8449 312
8449 137
658 227
19137 107
3298 85
6027 136
15326 147
7596 207
16074 221
24088 80
3298 265
24568 257
19287 213
4801 139
9394 62
24568 119
11614 175
8449 281
1930 87
11952 97
22917 52
1097 111
17702 235
14156 118
5184 234
14302 178
9968 316
24952 105
8888 207
2568 305
14302 243
15326 285
21873 146
14843 180
14026 220
136 183
21425 153
16862 112
11171 134
17702 249
15494 60
18477 179
7258 257
23439 286
14442 105
10665 216
5051 289
14442 84
9968 210
19743 195
19137 129
24568 195
15494 231
5184 146
20753 299
9768 102
14561 258
13469 180
18647 74
14442 192
7779 76
4097 260
24455 307
25081 91
16466 207
4669 121
21425 303
23988 119
20753 133
3654 268
4485 165
21425 159
12112 246
6677 94
5348 197
6344 188
14843 98
5184 280
11614 157
6027 251
12862 232
5348 149
8995 128
12553 301
19137 216
16662 133
11614 65
5652 276
816 143
922 101
13860 133
15326 298
6027 214
14156 106
5476 69
13469 119
5051 209
3298 302
14156 130
136 110
5184 71
3654 198
6344 291
18831 229
2881 168
20497 129
21055 187
4930 55
21873 56
15769 254
12112 165
25081 111
2457 240
19137 59
21544 64
19137 268
17022 251
17821 208
5850 124
4485 181
19389 112
2457 380
24088 152
19848 129
11614 191
21544 282
23262 155
10426 103
15326 340
7596 133
18966 35
3654 221
24455 273
7779 105
23738 134
17022 161
24952 183
24952 187
3654 233
24455 129
6513 179
23439 240
4801 47
6027 114
5476 73
7973 111
658 287
15916 154
16662 30
1930 124
14302 265
3841 82
7404 205
16074 286
16662 120
1573 222
13469 36
2737 143
4485 141
15494 135
10426 65
922 106
5184 85
7404 104
17022 39
10426 139
17821 124
24568 217
20312 192
11359 98
18647 173
12669 84
21425 63
21055 109
2568 129
4930 84
11952 128
9668 109
5652 117
17196 108
13209 312
1930 126
5184 201
8888 184
922 75
15326 289
10322 199
8995 132
16662 81
8559 144
21240 175
20897 79
6677 201
12553 243
22659 133
23439 164
13469 290
19137 273
3654 301
2568 108
10982 143
22512 138
9668 302
17022 182
3298 306
20497 169
13209 177
15669 89
12420 101
9768 239
16466 133
22343 95
24266 129
6677 209
1209 48
23854 92
10322 197
473 178
24088 252
3456 128
9248 165
2109 128
4097 47
7151 95
18966 272
5652 142
13860 218
18477 311
7973 179
16074 234
19976 164
18285 107
13360 144
19743 276
16074 62
2109 262
3188 154
8723 162
7404 81
18966 39
23081 195
6204 236
18966 183
5850 214
4801 173
10982 254
11760 63
19287 302
13583 133
17702 203
2109 172
4669 92
816 157
3654 315
3654 241
9968 303
23854 26
4294 95
21721 98
2457 197
18477 308
8449 332
1573 258
18477 96
22814 128
22512 126
9248 133
21721 244
322 198
14442 180
10665 265
10982 377
4930 72
6344 228
2737 90
22243 144
13751 166
16279 119
1573 39
24952 119
20753 227
24568 311
3188 183
5652 191
17022 302
6344 212
4801 233
21721 80
4801 135
24088 110
18285 153
6344 160
9248 219
3075 78
20753 241
23586 49
9668 325
9143 37
18477 201
12553 84
11359 291
17389 89
5476 145
2568 299
4930 74
473 185
23081 189
21425 277
21544 224
13469 82
4669 89
7258 202
12553 186
8723 238
7973 142
6677 144
21544 62
18966 261
20753 77
19976 127
136 128
1390 74
5184 254
17022 37
11359 187
23988 57
14026 274
322 256
7596 159
5652 371
17573 257
3188 187
11614 143
3654 270
19567 64
9505 152
9394 88
19137 184
9968 127
658 137
5184 173
17573 118
1390 119
13209 209
18647 175
4801 37
21873 140
24568 235
17022 298
13583 114
4669 262
5850 264
15326 204
18647 142
1573 72
20897 97
24088 206
13360 309
6204 132
6832 229
18966 43
8449 298
15326 155
14561 156
12112 270
22343 219
13860 229
13360 232
13209 125
10665 242
8449 180
12669 166
3960 112
6344 271
21055 173
23081 235
7258 147
10665 79
13469 193
24088 208
15166 88
15494 131
3456 209
7151 140
13751 91
15166 120
17702 182
5348 160
8559 71
22343 205
18647 105
5051 304
25081 295
4097 85
13209 188
13583 271
10982 267
6344 282
8299 96
19743 280
3298 291
24455 187
15326 107
6204 276
25081 223
16862 33
20649 227
2109 157
19137 166
8299 146
18096 251
3298 182
7258 132
25081 325
1573 200
22343 163
10133 170
18096 368
22814 80
8137 132
11359 312
14302 133
16175 144
9248 210
25081 285
8559 130
10982 162
19848 157
1573 312
20753 265
1757 123
2109 60
322 258
20897 113
13360 290
2290 78
20164 119
19567 116
19287 288
17978 55
5850 164
15769 75
24759 86
24759 68
24088 176
9505 154
21240 217
15166 66
19848 163
18966 137
10982 200
4669 179
8299 150
9968 162
19287 284
2737 157
3298 322
8888 74
7258 267
9968 79
21425 179
20312 162
4669 275
5652 339
922 95
9668 321
14442 140
2457 339
25081 277
16662 42
1097 169
18096 166
12669 106
23081 255
8888 243
19287 313
13061 154
22814 104
12112 207
2457 392
16175 116
11359 128
17196 163
4485 123
14843 133
19137 200
4097 83
3075 118
10133 210
10665 238
3075 129
18647 67
13061 139
10665 306
21721 96
17196 177
7596 267
19287 311
1757 216
6940 111
3841 94
20753 167
13209 211
7779 91
24455 149
13360 327
17573 270
8995 229
10133 127
11614 118
1097 186
658 331
13860 177
16662 100
2457 145
10550 194
322 288
8723 226
15669 64
16074 133
6027 182
11614 183
19567 62
3841 123
136 226
8449 192
21544 212
13583 289
21240 231
15494 300
11359 289
21721 154
17022 172
16466 155
17022 83
16175 133
12112 232
13583 106
3188 214
7044 48
136 203
16175 137
10133 110
21425 213
18285 90
13860 99
10426 101
8559 270
11760 114
6344 142
16175 90
2568 120
18477 167
20497 111
24568 141
23738 104
18647 199
18966 238
3456 230
22659 103
15326 151
21240 213
19389 72
14982 143
9394 84
15166 94
19743 125
922 110
1209 81
20497 35
7973 95
23854 156
12268 208
658 197
21544 158
16862 143
4930 99
23738 162
18966 280
8137 195
658 102
4669 211
816 89
17022 305
22814 110
21425 121
13209 277
2109 271
11359 29
8449 277
16175 98
17022 266
5051 292
11359 215
15326 126
10982 240
2568 324
17573 226
16279 125
14561 160
8888 118
15494 223
22343 67
12553 280
15769 172
14442 71
4801 106
12553 229
11359 232
4294 65
473 106
5051 80
6677 120
10322 158
17978 62
9248 146
19137 94
8723 316
21544 214
13469 153
19287 323
9394 41
18285 175
4801 177
2109 81
8559 170
4485 198
1573 194
12420 116
19287 84
5652 247
10133 258
14302 148
21873 74
1757 265
9968 77
6344 52
18477 319
23854 30
3841 125
6513 339
21544 148
4097 123
9668 181
13469 103
12268 212
13209 254
5850 210
25081 195
19287 262
18096 92
23854 118
23854 94
17573 124
11359 65
16862 60
1757 270
16074 282
16662 165
5184 63
1097 104
11359 94
5850 80
21873 72
19976 176
6677 286
16466 186
7044 126
816 62
17702 170
9668 251
8723 246
12862 240
9768 235
7596 186
13360 102
6204 123
5184 301
22512 76
10982 333
15769 71
17573 163
6027 106
6204 149
24952 155
922 83
22512 136
20497 153
922 79
6940 116
5184 126
18966 97
15166 122
19743 123
3298 299
12553 154
21544 226
816 163
13583 203
12669 134
24568 301
136 90
2737 113
10426 61
17022 55
12669 120
11359 201
2568 157
25081 205
1390 94
6344 206
14561 203
12862 247
2457 270
5184 333
24266 89
9668 297
12862 93
13583 238
15326 103
13583 278
21425 87
12669 109
17022 196
13469 243
2457 388
15769 134
9768 114
12112 221
19976 172
11760 91
10133 225
20753 105
24455 123
11472 42
10322 209
7151 128
10550 117
8137 232
2457 200
23439 190
15326 115
2881 220
15769 210
20753 69
17196 188
2457 137
13360 118
24952 101
1757 98
13061 112
10665 145
15326 191
1573 182
9668 136
17389 92
18647 205
2109 168
10982 344
8449 87
24266 143
10811 96
15326 174
322 185
16466 192
17702 272
10322 217
13751 89
18477 159
13360 181
2457 218
24455 139
8559 255
19976 168
16074 81
23081 131
21425 101
19976 158
13209 252
21873 286
17022 158
6204 97
15769 147
5850 252
7044 168
5184 106
5051 329
2457 257
9505 63
22512 120
17573 131
658 191
2109 132
13209 214
10982 149
23586 53
16279 121
1573 308
8559 278
8888 85
9394 66
1757 81
1209 99
473 84
13583 186
3654 100
15326 164
20649 205
15769 138
17573 263
136 318
19137 228
6513 199
21240 145
21055 205
21055 141
14843 96
20649 57
7779 96
9394 43
12268 178
9394 64
9968 308
16466 107
10133 195
17702 190
20497 85
6204 205
18477 118
8559 244
6513 324
13751 103
14710 177
9143 56
18831 86
4097 113
5051 213
13360 162
4801 201
2568 177
2568 215
21055 99
8137 179
24455 63
20497 143
18477 149
14561 119
4801 116
16074 189
19287 97
21544 124
8723 259
12669 158
6832 146
3654 118
16279 127
15769 85
9668 273
5850 149
14843 213
14302 87
10982 389
2109 206
21425 211
20649 69
14156 142
12420 42
4485 92
7973 227
7404 101
6677 260
2568 149
14710 169
23439 110
6940 153
1930 101
19743 165
2881 250
19848 174
4801 205
5850 270
23586 103
8888 213
21544 58
13061 98
18831 90
5184 211
10133 219
2109 185
21721 82
1757 178
4097 166
5476 169
8449 226
18477 333
20312 188
3654 183
6832 95
10322 234
13860 201
5652 290
4801 217
2457 315
17573 142
15669 62
14561 121
20497 71
658 315
14442 97
12112 75
5051 205
9768 264
2568 145
8559 310
24088 280
15326 223
24568 323
17573 145
20497 115
8723 263
14710 106
4669 209
7779 63
3188 171
10322 43
6940 72
19743 254
19137 307
11614 70
21873 292
17022 67
7596 137
18647 231
21240 165
20312 154
18096 95
14026 168
18096 223
136 207
23738 200
5348 106
25081 247
23081 307
14561 75
25081 227
15494 82
8995 218
10982 252
7044 63
13209 232
12862 135
15494 184
23988 103
9143 89
13061 129
21055 105
15326 235
18477 220
4801 282
4801 41
14026 118
5051 306
8723 208
5348 97
13360 114
12420 151
7973 171
14710 120
19976 191
23738 84
3188 147
17022 294
7973 163
11614 92
12862 256
23439 228
2109 138
16662 160
12862 131
6513 62
21544 84
19567 50
9768 176
6832 89
20164 83
322 270
3456 113
9248 99
8299 116
18966 228
21240 99
11760 98
14026 192
21873 256
9668 106
22343 41
9968 104
20897 115
23738 98
4097 179
2737 127
4801 167
1573 310
23439 308
10133 150
14561 256
20753 141
13583 95
9968 120
15166 167
23081 243
6344 249
19287 317
2109 176
24455 309
24266 61
2568 175
8137 104
16662 44
2109 66
11614 53
8888 188
658 100
23081 121
17702 91
20753 123
2457 287
13360 136
8449 300
20164 196
18831 183
9505 83
24088 70
13360 279
5051 109
17573 260
13860 175
12268 90
18096 274
21425 157
16175 128
21425 119
10133 244
11952 86
14302 210
4669 107
15769 204
8559 102
6513 223
15494 54
18966 159
14026 270
23738 170
24568 149
22917 112
16074 148
24455 215
13360 183
19137 88
7596 249
15494 227
2881 140
8995 205
13583 285
658 243
11952 102
13061 94
6513 78
3654 154
20312 150
3456 66
816 153
20164 232
16074 125
16662 127
10982 362
9768 104
2568 296
7258 158
18477 249
19743 221
7151 105
13860 101
1930 121
13209 301
9505 52
24455 201
9668 203
16074 109
20312 172
22343 113
4097 175
20753 73
20649 125
7258 130
24088 230
21873 118
11359 182
18966 163
24088 238
4669 109
816 97
23439 124
14843 217
19137 123
9768 107
19567 143
20164 194
15916 141
1573 155
12112 236
10665 283
9248 123
24088 224
5476 126
8299 110
22659 129
18285 76
15326 257
20753 207
19848 58
18477 207
5184 134
8559 262
7973 225
13209 200
23081 239
15916 106
22917 78
10665 95
12420 95
8559 160
4801 261
6513 74
17196 169
3841 120
2457 221
4801 74
19848 56
2568 171
15916 206
12112 278
22814 74
3298 170
6027 287
4669 145
12420 139
6204 136
2109 97
15769 160
9768 174
10665 317
5184 53
25081 287
18096 103
13469 213
21873 116
16074 123
7044 148
18096 215
21425 255
15769 111
1757 85
6832 208
4801 43
1573 161
658 211
3960 185
9968 239
13209 286
322 359
4669 71
14156 45
23081 321
7258 243
4669 137
18831 231
18966 234
15669 69
658 264
19287 60
7779 84
17022 109
5476 141
2881 115
6940 90
17022 41
24455 51
2568 60
12112 77
19137 116
6832 169
19743 173
13209 256
2109 170
21055 199
24088 262
14561 39
4097 68
19567 156
18477 223
9668 218
12268 221
3654 156
3456 221
25081 131
19743 78
2568 163
22512 98
2457 277
136 267
23262 183
14561 183
11171 116
10133 112
1757 128
13583 167
10322 116
12862 236
19743 229
18477 106
18966 173
18831 175
21425 291
18477 294
22243 180
22056 104
14561 73
2109 266
3456 72
17389 147
14302 105
8299 92
2568 263
2457 266
13751 124
3654 251
15166 136
10665 120
5184 282
14982 51
18966 305
8723 198
6677 292
658 253
24568 297
18285 116
2881 91
14710 133
15769 202
14982 108
15326 239
17573 128
18966 204
7596 247
6027 323
13469 215
5051 169
21240 235
24759 92
10133 300
14442 160
3654 317
22814 76
23439 254
6832 91
6940 93
18477 70
18096 235
816 66
20497 117
19137 262
15916 53
9968 290
20164 97
15769 227
3654 212
10322 213
21240 203
6027 298
19137 97
12420 51
23081 183
6344 256
18096 269
14026 210
23081 103
21544 176
11171 152
17196 115
11614 76
15769 82
6677 161
10665 124
19743 87
14561 172
22243 98
10322 66
18647 181
19389 77
14710 175
21425 139
19976 121
23586 65
3654 95
9248 135
24266 141
816 23
322 108
4669 95
16662 88
3841 92
2290 103
12268 215
14302 274
12553 164
18096 354
21873 100
6513 167
17389 49
1573 186
11171 110
14843 106
21873 162
17573 69
5051 217
17702 219
10426 89
1573 296
17821 171
8995 248
17821 153
21873 282
4485 131
17196 80
14156 57
9968 187
658 358
22512 108
22512 74
7973 70
6940 180
16662 36
4801 112
23081 285
1573 56
2881 259
23988 45
10811 87
7151 136
9668 214
19567 54
9668 197
10982 137
816 80
4801 208
13061 84
6677 296
8137 217
20753 283
14710 78
14026 96
3188 122
14026 176
6027 164
21240 157
7596 166
10811 54
24088 190
922 130
16279 43
12862 186
6513 351
21873 178
8137 199
19743 262
7044 144
15916 196
8888 60
10322 141
9668 189
9668 177
9968 249
5850 177
17022 279
9768 218
22343 161
22343 63
4669 219
15166 50
4801 83
23262 127
6677 248
11359 41
922 142
2568 126
6940 119
6204 169
14982 162
15916 132
10982 271
14026 157
4801 259
18096 310
8449 164
24568 223
8888 97
15916 150
19287 72
2568 124
15166 60
24952 193
11614 94
20164 223
17702 102
8559 57
10550 110
6677 96
13360 116
136 92
3960 233
16074 299
3298 179
21721 230
14026 235
17196 104
816 85
6344 148
21544 102
9505 130
18096 333
23854 146
136 313
10982 222
22343 165
5850 161
1097 190
6344 80
2290 84
5652 127
5652 213
14026 247
13209 118
8888 58
21240 83
8449 203
21240 91
4930 90
7044 71
15494 172
25081 243
473 141
473 135
13469 232
20164 188
16662 46
8559 329
12862 189
6832 132
8559 300
10133 131
16466 131
23586 71
5476 65
11359 238
9394 50
22917 82
9968 108
10322 99
1390 88
3456 120
14302 257
6344 110
16279 74
5476 175
13751 114
21425 307
21240 95
8137 169
4669 103
136 164
10982 113
4097 104
5652 129
17196 217
3075 102
9768 227
23738 214
21721 172
16662 102
12553 140
1930 131
5652 176
2568 286
17821 69
18966 121
16662 123
14302 192
3960 197
3298 304
1573 143
322 335
6344 107
10550 157
10133 271
6677 58
12862 172
4801 231
1390 98
8559 92
23738 190
13469 24
11359 300
6832 126
7044 61
2109 115
6344 54
11614 141
1757 249
14156 122
10133 267
21544 284
1097 202
1757 94
3188 112
15669 114
10322 91
3456 26
22659 83
18285 113
20312 92
16466 111
7258 152
17022 281
23586 37
13061 86
10322 181
8888 140
19287 193
5652 161
22243 158
19287 249
2568 224
7973 204
8559 173
10550 196
22243 108
10982 352
8559 31
5051 84
8137 166
20649 179
6344 216
3960 116
6344 223
19848 183
12553 152
6027 197
14982 79
658 180
10982 264
20649 219
19567 132
16175 114
23439 272
20164 56
9248 48
8888 250
21873 194
12420 53
8559 197
8449 259
9668 283
16074 192
20753 217
21873 214
6204 266
13751 158
9143 60
14561 111
21425 315
473 66
8995 201
3456 198
2737 171
16074 171
3654 305
8137 221
16074 242
20312 132
14982 45
23988 111
6513 143
21544 222
7044 83
10982 140
19137 160
1573 63
9768 80
322 347
7596 195
10982 381
658 305
2109 117
17573 266
15769 106
23439 222
18477 271
2457 320
8723 285
17573 159
23081 287
22917 100
9968 255
322 355
22659 105
136 271
1097 159
17573 178
8559 266
1097 100
23988 115
4485 227
20649 71
2568 228
6832 105
22814 84
21425 49
1757 278
12112 41
9248 61
23262 179
9668 234
11952 109
24455 133
473 180
4669 73
21240 113
24455 233
4097 141
20649 89
6344 144
6677 257
6344 231
23262 97
6677 140
24088 114
23439 182
10665 115
19743 187
21055 67
5184 77
6677 82
17022 166
10982 156
14561 35
6204 129
18831 141
4485 126
4801 92
13469 254
5850 268
19287 106
24455 189
22056 102
17573 291
3654 106
13360 337
5348 158
6513 157
12112 85
17702 285
8137 100
21240 169
1757 156
13583 234
12862 285
19287 78
20164 180
11359 319
21425 227
25081 75
23439 282
1573 327
9505 55
1930 77
1573 106
2881 111
15494 248
14982 118
18477 165
20649 185
15326 101
15769 78
17389 118
3654 97
14710 60
7044 140
3456 35
13360 317
16074 164
9968 231
8723 185
7404 139
4669 83
6204 272
15326 138
5051 192
3298 293
1930 118
1573 262
19287 123
3456 192
20164 218
9668 226
2568 283
4669 141
4097 60
6677 313
3654 200
10426 91
12553 325
7258 215
11472 84
1390 82
13583 172
10322 179
14843 209
6027 338
25081 149
15769 94
16175 124
18096 314
10982 295
13469 47
6513 318
14982 55
9505 50
23738 54
18477 114
5184 57
6677 137
13860 226
2737 159
17573 133
20753 315
16662 96
3298 269
19743 248
2109 248
17022 170
12420 147
5184 183
12112 89
23586 91
3075 27
1573 190
18096 158
23988 71
14843 129
14843 142
21425 141
15166 171
17702 115
18831 207
9248 77
13751 77
5850 244
17389 126
12669 91
5051 301
17573 214
19743 235
19287 207
5652 224
5184 240
19743 97
3298 102
20497 151
24455 135
10322 41
19287 257
9968 102
473 129
13583 97
15326 200
21055 83
23738 48
4801 197
10133 288
5184 256
3960 207
14843 225
14442 154
18096 207
4485 161
6832 163
20753 289
24759 64
14843 154
14710 140
10133 89
3188 191
1573 270
16862 57
20312 146
322 169
23854 56
18096 319
17389 151
24952 223
21055 191
10982 306
22512 102
20312 126
6513 113
2457 343
2568 70
5476 78
21425 147
4097 222
5652 101
18096 328
3456 99
7779 87
11359 176
18966 206
15166 102
23439 130
13469 175
21055 169
5051 159
16662 111
8449 178
16466 175
3298 226
1573 131
21873 198
14843 122
3654 247
15326 181
15769 177
12553 307
7404 164
20753 257
16862 141
19567 163
23738 36
2881 101
16862 52
15494 65
12112 60
10322 187
24088 246
6677 104
10665 329
2881 204
24952 159
10133 254
12268 133
8137 143
8559 193
2568 208
2881 190
1390 92
5184 291
4801 114
16279 63
13209 239
7973 160
19976 198
15494 197
14561 199
473 168
9968 262
7596 121
20753 205
18647 207
1209 72
11171 160
3841 78
9968 173
16279 104
9505 105
322 226
22917 118
14982 131
10982 370
20497 139
5051 203
12862 226
17196 215
16662 75
22343 225
4801 183
24568 161
20753 85
5051 90
13583 229
2568 190
12669 154
10426 122
10133 139
15916 146
18096 277
13860 168
19137 279
19567 136
17573 268
7596 205
13360 272
14026 172
1390 147
2457 175
13061 106
2568 204
17573 80
22243 154
3841 129
12862 222
12553 199
20164 205
17702 186
1757 198
12112 175
23738 112
17978 138
24455 161
6513 292
20164 166
6344 285
9668 148
24088 168
24568 109
15769 206
3298 198
816 100
20649 175
24088 278
10982 275
13583 281
21425 329
2568 322
21055 145
13469 195
9968 146
22814 102
15769 239
8995 198
23081 107
9143 93
8888 30
23586 75
18096 356
6027 130
10665 254
8137 137
15669 116
18285 160
6204 126
10550 104
14302 289
5348 151
4801 271
2109 230
6513 276
16279 83
3298 206
5184 190
17702 53
9668 300
1390 64
4801 255
12268 180
14843 236
2568 167
136 285
6344 173
20164 220
4669 192
10133 147
2457 242
3456 148
6344 202
10811 41
4485 113
16662 175
14982 169
8995 263
3188 103
10665 271
5348 195
18966 283
17573 245
23586 57
23081 99
19567 124
6204 179
1097 108
24568 93
16279 110
1573 316
24952 179
5652 268
6940 96
6513 99
2568 110
12268 94
18831 94
16279 77
15326 317
1757 153
6344 73
3654 136
15769 155
24568 281
7258 126
2290 131
5476 136
8449 315
6344 90
11171 90
12112 81
9768 118
4669 197
20753 213
6513 82
21544 180
11614 132
14561 106
17978 115
14302 277
2568 100
19567 72
2457 332
6513 261
11359 82
8137 156
22343 53
19137 101
19137 164
1209 95
23854 54
2568 94
22243 150
9768 55
3654 167
1573 334
1390 55
24088 92
23854 154
3960 225
19567 81
2290 99
18966 259
23738 130
19287 292
17389 94
2881 218
9968 217
24568 103
4669 266
5051 327
12268 175
9668 93
5850 226
13860 208
19287 255
18647 237
20753 219
4097 240
14026 182
12268 97
18647 148
19287 58
25081 139
473 100
3298 328
3456 232
6027 149
4801 28
10665 161
16074 292
21425 203
7973 192
6677 268
7973 83
19848 201
24759 110
3075 94
13469 161
3298 93
9505 112
13360 248
15326 296
1930 155
21055 115
21721 182
322 140
13209 100
5652 373
8299 107
19137 198
9394 29
25081 323
20649 213
8559 317
21425 189
6677 76
6677 89
5184 114
19743 91
19743 93
20649 245
19848 133
1573 36
8888 54
15669 75
2568 265
9968 305
7973 208
19848 116
19848 91
8888 241
1757 132
15326 346
10982 100
17978 96
15326 149
11359 104
13061 133
13209 127
19137 92
5184 260
5051 222
6677 163
23586 93
10426 107
19743 84
6832 161
8888 199
12862 117
5184 150
15669 48
19287 167
1209 161
15494 244
18477 82
7779 49
18647 249
21873 88
9668 142
15326 189
11472 52
18477 110
7044 172
8995 233
24952 127
322 144
4485 163
4485 88
8449 185
10550 79
6940 88
20753 263
6832 157
22343 133
10426 97
8559 139
18831 130
21240 183
22343 177
19976 140
17196 98
12420 49
8888 162
9143 64
6677 147
6677 116
14156 78
3654 319
20753 255
24952 219
3960 163
19848 166
2109 286
2737 123
22056 52
6204 118
5051 316
8137 146
11359 310
13360 345
14026 223
18966 125
18477 289
13061 114
2568 33
23439 194
15494 139
17702 184
6513 136
2457 312
19567 138
13061 158
19137 221
3654 226
816 58
19848 97
12669 172
13360 106
1209 50
136 302
5850 136
1573 53
16862 48
8449 216
14442 174
24568 135
13360 128
18096 300
6204 78
8888 81
2109 160
4485 100
13469 70
21425 149
10982 314
4930 49
9505 71
8449 233
7404 86
6832 108
9248 107
16175 118
3298 106
17702 317
6204 144
658 116
14442 60
23738 178
16074 227
4485 136
13751 126
18096 122
6513 306
14561 148
19743 318
10426 132
1209 141
9248 169
14026 128
24568 99
2290 111
6677 229
24266 97
11359 160
15769 141
9768 88
17702 95
14302 203
22343 233
20312 122
19743 169
4801 71
8723 129
18647 262
23738 212
7258 213
3298 159
4669 259
11760 95
23439 274
9248 204
12553 319
17022 232
7596 244
18647 197
19287 197
23262 99
6204 227
136 126
16862 29
16074 254
17573 196
12112 134
15769 181
18647 113
23081 233
22814 136
20649 157
19743 282
18096 308
816 108
19137 135
12553 176
16175 104
10665 277
8995 108
11614 128
5348 84
1757 175
6677 282
4485 202
12268 106
23262 165
6344 244
16662 146
24266 137
20497 123
13860 129
6027 281
8995 250
13469 145
5652 256
6513 141
17196 145
21425 207
4669 115
13469 135
16466 182
12553 108
11359 37
21425 231
4485 108
6832 138
6513 363
21425 175
17702 143
19743 99
12420 46
3654 295
20753 65
14442 63
20753 63
6513 97
18477 321
7258 194
7044 164
8559 108
16662 73
15769 136
5652 155
5652 207
6940 66
1097 210
17573 170
14843 146
23738 94
15166 56
3188 93
7258 105
12420 132
19287 91
24568 181
16466 203
18096 296
20649 99
22917 160
658 160
7404 118
5051 295
21873 136
12112 263
13209 269
2457 390
17196 202
15769 102
473 112
24568 209
136 283
13469 157
5850 88
21240 141
18966 291
8888 219
8723 125
10982 154
6027 241
16279 48
12112 130
19567 79
9248 129
13360 246
8559 190
9668 228
2457 228
23854 34
7596 171
21721 204
18477 214
6513 94
22814 148
11614 86
15916 48
15494 69
18647 109
2881 214
13360 322
18647 177
4669 170
8559 298
19743 155
10133 304
12268 151
5850 276
12112 255
21544 232
12112 122
2457 250
13469 76
18647 169
25081 181
8299 121
13860 148
3188 139
658 158
13583 198
4669 150
19976 125
136 78
10811 94
2457 139
4485 171
21425 95
23439 158
9968 56
7596 174
22814 88
22659 121
322 263
17573 90
11760 83
23262 157
17389 114
2568 249
20753 211
2881 68
8995 126
18477 243
9248 206
14442 126
322 272
658 126
12268 217
8888 105
1930 80
9768 130
15494 306
19137 206
21721 76
6204 182
6204 95
15326 260
20753 185
9968 235
24266 77
922 127
15494 118
21544 198
5051 101
2109 122
22659 95
6027 317
20649 241
12420 126
10811 62
11760 46
4801 241
7044 42
20497 171
24952 131
5348 173
6344 176
19743 105
9143 50
14302 73
14442 88
4930 82
922 87
10426 111
3298 110
23081 113
12268 184
19567 104
21425 243
4801 290
21544 120
19137 290
10133 191
18831 145
18647 128
3456 132
10811 92
13360 166
15326 178
4801 286
10133 123
19976 183
4097 252
19976 118
7596 100
2109 106
10426 95
10322 107
10322 219
21425 201
2881 154
2737 150
2568 194
17022 253
6677 155
6677 112
14710 171
21873 248
19389 95
3456 179
17573 208
6344 38
9968 84
8723 127
6204 194
8559 230
12669 148
20649 193
17702 336
12553 97
19287 99
1573 32
24759 54
6513 316
8723 102
10322 164
6832 236
10982 236
12553 160
24088 154
20753 99
322 106
5652 105
1573 250
19137 300
24952 173
8449 110
6677 118
5476 161
22917 114
23854 72
1757 305
21055 159
10133 281
13860 216
136 179
8888 225
3298 186
17702 59
9768 225
16662 50
2568 137
1573 184
9668 309
11171 81
14843 197
20753 95
20753 295
19137 80
7973 185
6677 252
658 241
21544 250
20753 103
22343 105
10665 131
18831 114
3298 120
12420 78
10133 174
6677 305
10982 96
16074 156
11171 94
19137 69
7973 231
2109 254
7596 176
24455 185
12553 265
7596 115
23854 132
14026 122
19137 270
23854 114
13209 282
6940 174
14982 102
14982 33
13209 271
8995 163
5652 163
22343 71
5850 258
14442 107
18477 58
22056 92
18096 184
23854 60
7044 160
24568 293
658 327
15916 208
14442 138
19287 158
20753 249
1573 323
136 76
7973 233
14442 101
24455 105
7973 127
17978 30
24088 88
17821 157
19287 154
7973 146
15166 149
1209 148
658 401
24952 95
8449 334
5051 116
13469 141
5051 126
6513 185
2457 188
18477 231
15166 189
21425 215
19287 137
1573 202
14561 124
7404 150
13583 232
24568 213
21425 287
5184 154
19743 315
10322 193
24952 205
9248 58
14710 56
9143 67
13360 343
13360 189
1573 198
13860 114
11171 96
21873 236
3654 93
9968 252
19287 131
19137 232
2457 190
21544 262
9668 248
2737 94
11614 84
3075 65
3188 195
10322 139
322 173
21240 209
14026 204
10982 325
6204 242
16662 32
6677 128
11952 41
19743 310
20753 175
8995 265
136 223
18285 96
2568 200
15669 60
9668 115
8888 34
12268 131
2290 150
1573 280
24455 277
17389 73
12553 236
12862 123
12669 80
23081 219
20753 233
9668 222
1097 132
12862 245
22512 130
17702 323
14561 61
23081 139
22243 116
5652 217
10665 336
322 294
19848 66
21055 163
4097 79
12553 156
10322 221
19743 307
24568 251
14026 153
14982 72
322 100
10133 135
10982 323
136 287
11359 47
3298 40
15494 142
22243 194
2457 124
18477 153
4097 158
1757 88
10665 333
4669 118
17022 76
19389 132
14561 136
9248 189
15326 310
17573 87
12268 172
25081 93
3654 110
8723 297
15916 102
8449 251
3841 43
21425 133
7044 97
9505 67
19137 77
14561 240
13583 121
20649 281
1573 121
5184 207
12862 195
22056 44
2109 226
18966 135
10811 39
8449 322
1757 75
8888 77
12862 201
16074 119
14026 258
21240 133
9968 282
23738 108
5850 101
13209 169
4801 90
6832 142
8137 246
19137 143
23262 107
13583 207
14302 152
20897 91
13860 118
17978 117
13469 49
4801 155
658 156
13751 99
3960 157
18966 100
816 133
1573 115
23988 75
7404 106
11614 193
17702 141
6513 288
5652 327
22243 184
658 356
9668 275
19137 254
19848 79
2457 108
19287 321
5051 129
24088 290
22917 68
5652 300
24088 284
322 177
5850 230
7973 131
16279 130
16662 137
17196 210
8995 147
14982 31
2881 227
9394 78
16662 125
24568 307
22343 137
816 56
4669 173
6344 208
18285 122
15326 264
22814 130
13360 208
6677 301
8888 192
8449 286
7779 55
6513 328
14026 170
7044 118
13583 169
1573 318
6204 115
19976 111
19976 160
14442 128
22917 136
23439 298
5184 87
8559 166
15166 132
8723 98
7151 86
13860 206
15669 46
21873 252
17022 43
6027 126
9248 149
19976 103
9668 97
5652 137
9248 200
816 119
2881 253
5850 218
5184 217
16466 167
21873 70
2881 136
20649 139
23988 87
7151 103
14302 168
5051 277
14982 91
13583 225
11171 148
14710 52
7973 87
22917 132
5652 308
12112 68
20164 122
5652 220
8888 26
2737 110
3960 213
21425 191
24568 71
18096 338
14442 134
3456 59
5184 246
1757 221
18966 268
19848 108
322 212
816 37
23738 140
22659 109
18831 179
21544 258
3654 216
11359 266
2568 253
24455 221
16074 244
3654 282
17022 117
3075 100
6204 160
14156 113
11952 63
19743 227
1097 118
816 115
12268 206
22814 126
3188 179
658 94
15494 121
13583 154
9968 61
15326 111
13360 313
136 143
2568 291
22343 31
3960 173
6027 108
18647 146
8137 117
2737 82
21544 90
18096 304
22243 138
3841 96
12420 160
21425 135
24088 194
15326 342
21721 170
7258 179
23262 159
16074 295
9968 114
23439 138
23439 152
21425 67
658 323
12862 242
13860 93
6204 91
15494 188
8449 106
14843 207
24266 109
12268 141
4930 93
136 201
4485 206
322 214
5652 304
25081 319
10322 238
2881 164
15494 233
1573 113
4669 281
6832 247
19976 146
7404 69
18477 218
12862 209
20649 41
3075 82
23439 114
15494 193
9968 224
21873 204
14302 98
12553 327
22343 215
8137 150
15916 86
11472 98
8559 37
3298 78
12112 141
922 103
16862 100
24088 292
21055 77
6677 167
2109 282
19287 88
6027 336
9668 134
19287 299
19743 189
17573 190
7779 47
15494 52
14302 217
3654 204
14302 123
7258 175
15769 127
24088 166
322 222
5184 289
14302 196
3456 175
15669 50
7044 69
21873 64
15326 329
3654 230
4097 115
13469 115
14156 64
12862 184
3456 85
6513 330
3960 171
5051 177
6513 268
5652 230
5184 138
17573 182
22659 137
12112 155
5348 119
1573 43
136 253
8995 207
10665 151
17702 245
4801 137
18966 72
20753 225
8888 246
19287 237
3456 44
5184 130
11952 143
11359 43
10982 231
8995 212
6832 180
11359 132
5850 240
2881 121
21544 182
21721 228
14442 118
11171 83
13061 75
6344 277
20649 49
22512 94
14843 170
23439 324
15916 174
7404 231
14302 43
21055 167
18966 115
13360 341
3456 77
6513 155
3654 186
13209 248
5476 102
2737 76
8299 139
8723 204
322 224
15769 164
22343 57
20649 97
14843 223
17573 201
13209 204
18096 154
3188 175
18285 155
10133 240
14026 237
1757 62
8723 111
7404 115
473 174
136 100
18966 188
23439 154
4669 224
19743 260
7404 94
23738 50
1209 68
13360 203
24088 136
14026 250
18096 363
23988 47
19389 92
17821 212
6344 269
4294 102
22917 186
19848 191
15769 212
5051 235
7151 145
20164 145
16074 261
11359 145
11359 236
14156 41
14982 126
19287 233
20753 327
19848 187
4485 134
13751 81
6344 275
2568 66
24952 139
15494 215
8888 159
2109 153
8559 314
15669 53
10665 81
10665 236
18647 217
24455 117
13061 81
136 114
16862 38
21873 104
18096 174
17196 128
17573 122
10322 149
16074 250
22343 251
15769 196
4294 45
14843 182
658 173
8723 271
18966 84
8723 265
18285 126
13583 242
22659 93
10322 127
18831 191
4097 269
8559 295
14561 196
13751 110
8449 172
23081 229
23854 68
18647 89
9394 71
22343 243
21721 138
2109 79
4669 60
5184 167
15769 249
18647 91
2568 153
1757 54
18831 199
4669 233
1209 139
13209 180
3841 145
8299 88
5850 272
12112 213
3654 188
9768 50
17389 55
658 362
922 119
922 140
2457 364
13469 171
4485 74
19743 145
5850 84
11359 212
5184 49
7596 259
23439 102
22814 64
6677 262
19848 53
1573 66
16074 53
16279 149
13061 117
14442 90
21721 208
4097 101
3960 114
16466 179
15494 246
4801 69
13583 221
18647 77
14982 153
13469 99
10133 85
15494 251
14442 178
3841 106
13583 150
12553 80
21240 111
8723 248
20753 197
17022 131
6832 226
3075 88
6832 149
9968 175
9143 85
5850 189
6027 238
19976 187
22343 253
18966 113
9968 136
21425 185
10665 169
12420 40
8559 212
6344 138
7973 107
17022 138
10665 230
22243 140
24455 73
22243 118
9968 100
9248 81
10426 126
8137 207
4669 201
7258 270
15494 157
18096 209
10665 201
10665 87
16862 64
9668 83
22056 96
22343 153
4801 54
3960 211
19567 106
22343 183
16862 87
20649 43
10665 224
20649 159
4801 296
17573 239
6513 202
6940 159
12268 104
10665 287
24088 144
5051 261
14442 147
21055 117
10550 180
8449 246
24568 171
23439 122
5850 234
3075 116
21425 97
5652 349
136 257
23262 111
5652 258
15769 251
19137 145
14843 120
2881 237
18477 235
20497 67
8449 328
20649 167
6027 180
9768 41
21240 109
6204 147
12553 127
21873 264
9768 172
8723 295
9505 73
14302 255
3456 117
15326 244
9768 48
8995 254
8137 173
14843 112
21873 218
7596 253
10982 122
7973 58
2568 232
19743 117
19848 176
10982 211
15494 168
16662 154
12268 124
20497 75
1097 148
24952 91
3298 281
23439 224
658 110
14843 131
24455 239
21721 102
1757 50
10665 291
17702 130
6027 103
21721 116
5652 266
23439 202
13860 170
8449 288
15494 209
20649 249
4669 166
3841 74
10133 154
12862 199
4294 91
21425 181
7404 228
20649 51
4097 220
23988 67
21544 92
16662 148
4294 89
5850 169
20897 73
25081 241
3841 60
9668 166
2568 314
18096 129
15916 202
9968 140
19743 241
18096 272
14561 176
15326 166
6344 119
22343 35
16466 213
21721 124
658 280
19848 189
25081 85
10665 252
322 228
18966 197
16074 198
18647 209
7779 93
10133 143
14843 125
16074 145
7044 166
23854 102
19287 247
19287 184
19743 326
5850 286
5652 133
658 268
2457 310
1097 176
20312 140
17196 185
322 94
23439 94
17573 206
10665 301
3075 29
10665 256
24568 265
14982 57
13751 130
322 126
19137 169
15669 83
22243 130
9394 56
12112 179
24455 49
14302 96
6204 209
9968 278
14982 147
3075 112
12112 102
23439 302
473 79
13583 160
10322 129
20312 110
6027 218
13751 187
20753 115
136 96
6513 208
11614 57
6344 220
17821 159
12420 162
24568 263
19287 319
4097 52
19848 75
12420 122
8449 168
4669 160
23738 176
3456 217
24568 87
18285 139
23081 173
16074 183
17821 189
20897 133
10426 46
18096 292
20164 62
13061 71
17022 142
20753 87
6513 314
18831 153
20497 121
25081 103
18831 137
9768 223
21721 212
2881 234
1757 56
19287 272
3654 208
15494 242
7404 161
8888 149
13360 132
658 251
24568 219
322 241
1097 184
2457 208
7044 134
21873 150
22243 168
7973 99
2568 302
7973 201
10426 57
3654 190
18647 140
322 136
9968 312
14710 125
13583 273
21240 187
6027 276
18966 64
23988 79
136 307
3188 126
13061 147
16862 104
3298 276
658 321
15916 178
1390 100
8559 176
1757 119
3188 130
17022 59
20497 125
1209 93
23081 247
4669 278
10322 27
20753 247
23081 327
12420 170
15494 271
15494 275
15494 161
12112 53
6832 176
24455 87
18966 276
7258 245
3654 120
21544 138
24455 263
10982 340
8559 81
16862 75
12553 192
20649 217
24455 213
8449 243
12268 86
16074 238
6204 199
18966 264
23988 53
12268 92
15166 159
15769 230
24759 56
21425 197
6204 87
4097 107
9668 120
17702 321
9248 110
19567 152
11359 120
25081 313
1573 285
22343 189
6832 200
8888 229
4801 169
16862 118
18096 219
3188 200
21240 229
13751 162
18477 199
18966 103
3188 181
8137 158
5348 207
6940 140
24455 37
9394 33
21055 93
17022 86
1573 110
9768 169
25081 307
7779 113
6344 190
658 177
6832 192
3654 134
6832 255
19567 56
3654 139
136 238
23738 66
19567 58
922 108
17196 167
11472 48
8559 41
3654 289
10133 298
2568 271
13469 271
12268 128
18966 59
14156 80
13751 95
22056 84
19976 148
10322 211
1209 117
8723 193
1930 107
7404 195
473 102
3960 151
9248 101
14561 238
20753 169
12112 253
10811 35
8559 186
24952 147
20649 263
3298 164
13469 110
21721 142
5850 201
22512 84
10811 51
17573 180
14302 61
3298 118
18096 170
20312 90
13360 222
8449 219
21544 142
11952 141
2109 202
25081 165
17196 196
12553 166
1390 110
4801 193
13209 221
18477 265
1757 117
15326 302
1930 145
15494 105
24568 47
13469 117
2737 117
22343 25
13209 274
24568 153
17821 97
322 337
11952 59
2737 84
2568 85
5652 367
23081 95
20753 171
9143 83
15326 275
11359 208
15494 268
11760 77
3654 124
18096 331
23854 90
8299 137
15326 313
16074 210
9968 44
5476 92
5184 112
10982 188
21873 44
5348 171
2737 177
11614 173
24455 287
12862 89
23738 150
18966 68
10133 302
20753 127
3298 257
14442 144
23439 320
11359 218
15916 186
9668 230
322 158
14302 111
18477 155
6940 76
18285 80
23081 309
8137 187
4801 100
658 283
10322 231
5051 279
18966 82
14843 195
14302 247
7973 79
6344 289
13360 169
17022 220
15494 191
24088 306
10982 175
21873 266
6344 182
14302 67
11359 315
7258 241
3298 287
17196 122
9668 257
15494 199
11760 36
9768 221
25081 267
6344 50
15326 217
21544 236
6344 241
2737 78
14561 79
16466 177
18966 254
7973 103
3188 210
3841 108
23738 184
3841 58
13583 303
19567 92
25081 215
11359 86
22343 115
5184 242
11952 138
21055 181
23439 166
9668 306
5850 193
13360 302
15166 84
22343 79
22917 142
9968 293
13751 160
9668 122
19848 122
3654 177
15494 163
8137 108
4669 56
13209 120
18477 80
15769 121
10982 182
24952 169
24088 286
20497 81
13209 308
13360 266
10665 259
18477 136
8888 215
12862 146
24568 167
2568 131
15916 51
15494 155
5051 323
6513 355
21240 199
24088 270
1573 85
6344 156
2737 121
14156 126
5850 203
19743 204
9505 135
23854 110
23738 192
12553 158
5184 186
16175 147
18966 232
23854 22
23439 238
1390 134
6940 182
11359 278
8449 93
25081 177
2457 232
2290 75
19743 245
8137 205
19137 320
2881 105
16662 34
3456 109
7404 225
10665 141
18096 178
8723 171
12112 181
136 167
9394 52
14442 82
21544 204
23586 99
1209 177
1573 151
21544 160
14710 142
12268 204
18966 147
922 123
17022 163
3456 134
3456 56
12862 276
5348 110
24568 243
13061 92
1757 167
15494 260
24455 143
7973 61
20164 172
24455 83
25081 187
10811 43
6940 121
15916 144
21544 188
7258 234
23738 208
23439 304
23586 67
19743 330
23439 118
658 375
8723 195
21544 264
19137 181
13209 186
4801 211
22343 257
22056 74
6832 243
15769 245
16862 41
8723 164
1209 83
10133 158
13061 89
13583 92
473 193
17389 51
4485 78
4485 97
5652 249
18285 84
24088 72
12862 113
7596 217
7404 189
9768 37
5184 118
658 378
16175 141
18096 260
21425 261
12553 210
2568 244
14710 163
12669 103
17821 179
22917 140
14156 53
3298 82
5051 150
19389 70
5652 284
8888 153
17573 154
16074 92
22056 46
8449 114
1097 174
2109 181
19137 275
11359 172
2568 274
12420 104
17702 291
8995 159
12862 254
24759 104
6027 185
5051 308
13360 142
24568 85
19287 259
6344 194
8299 142
3456 95
22814 142
8995 223
13583 156
4669 206
24455 271
13360 300
18096 227
1573 230
15494 103
1757 58
9968 112
23738 136
9505 108
10811 65
21425 115
19137 196
5652 109
2457 194
136 255
22814 118
17978 76
658 276
2290 67
5184 75
24266 65
21425 107
5652 113
2568 259
5348 179
22917 122
11952 95
8723 301
18831 125
18831 165
24568 115
7779 109
21721 224
13209 112
24088 320
14156 90
5476 182
18477 195
6832 211
17702 229
23439 214
8559 203
13469 167
14982 27
3654 299
10982 320
6940 138
16074 175
6344 280
6677 159
6204 158
658 199
8559 135
24455 47
9505 48
136 151
2881 134
5184 65
4097 185
15494 96
11359 61
7596 127
3960 203
18647 125
18096 280
10982 292
10665 289
658 231
8888 155
8888 174
21721 166
12420 74
19287 125
24088 200
6677 222
8559 218
2290 58
13583 297
2457 252
18831 195
22814 62
4930 57
20649 277
7596 211
8137 162
21240 191
20649 173
24266 87
20753 157
15494 73
23439 80
22343 175
12553 203
20497 107
8449 266
8449 212
19287 120
23439 206
20497 57
13751 146
12553 218
658 388
9248 223
10982 246
18966 311
12862 290
14026 214
19743 217
1930 65
9968 260
14710 90
13360 242
16074 83
21544 272
17573 255
4097 173
12112 100
17573 83
19848 194
17702 164
8723 255
4801 180
7596 93
473 88
2109 93
15669 56
8449 210
22056 110
20649 271
11171 61
22917 150
16074 158
16074 121
6832 151
8888 264
15669 102
18966 190
4669 213
2568 181
2457 172
10322 152
10426 41
6513 117
19848 100
16074 86
3298 211
3654 255
7404 108
10426 143
11171 121
12112 238
22343 145
16175 101
9505 85
25081 245
6027 154
21721 202
3654 143
1757 211
5184 177
2737 134
9968 179
8137 240
6204 232
13583 127
8137 236
12553 222
4669 67
24952 161
18966 107
11614 67
3841 114
10426 81
23738 142
25081 283
6204 142
10665 136
18096 254
21544 100
13209 297
25081 303
23439 96
18966 185
13583 139
11359 280
12862 218
136 275
19976 130
24455 165
13751 136
4294 106
18477 72
4097 118
25081 119
21544 238
5184 319
7596 203
14843 137
17196 172
6344 239
11171 164
14561 57
20753 259
19976 92
8723 156
18831 212
23439 260
21055 121
19743 153
10982 242
19848 51
5476 179
24759 48
2568 328
15326 253
8723 224
3456 107
16074 230
13469 149
8888 89
17573 148
24455 291
15326 210
15916 160
15326 323
22512 100
9668 118
6204 163
14026 164
1097 195
16466 152
1573 103
2290 133
18966 219
322 304
9248 125
11359 240
4669 99
18285 93
15494 290
21544 72
23262 121
13209 163
9768 209
12553 303
3841 63
9248 181
22343 249
5051 241
20753 309
19137 318
9505 103
23988 131
18647 251
20312 176
17196 94
19389 79
4669 195
25081 145
9505 149
5652 297
4485 110
5051 190
10665 285
8888 125
2881 72
23988 37
6027 211
14843 234
6344 112
21544 146
19137 266
658 98
16279 59
24952 123
658 185
14561 71
10550 153
8449 230
3075 133
18647 213
11952 136
6832 231
6940 155
15916 172
5652 232
17702 154
21425 271
1209 107
23081 167
12862 139
16074 280
10665 275
6677 288
11359 257
13751 172
9768 96
136 185
9768 53
10982 282
14982 41
4294 74
1757 227
922 112
12112 228
2109 119
322 237
6513 192
5184 227
18096 335
19389 83
19848 131
2290 137
12112 199
11171 73
322 171
11359 263
24568 319
7973 158
13360 191
13583 141
3841 127
13360 329
19743 193
5051 184
19287 243
5652 281
2881 194
8449 270
18477 227
4097 199
3456 33
24088 128
19137 260
22917 60
23988 95
136 136
18096 346
12553 214
6832 213
5652 153
21721 176
2881 206
19743 113
322 196
5184 98
18647 167
8995 242
16074 272
12553 245
8888 111
14843 108
18647 95
2881 148
13583 162
1930 93
4485 106
18477 302
24088 202
15916 83
13583 246
7404 175
7596 141
13860 197
20897 95
12112 138
16279 57
18647 103
14156 39
22343 193
21425 313
816 149
18477 88
20753 153
3456 81
8723 183
7596 119
14026 180
658 311
25081 73
1573 89
24088 232
11171 87
17702 66
18966 109
20753 293
10982 219
13469 28
473 204
11472 109
14156 100
22814 114
16074 56
14026 106
12669 126
13583 262
3456 105
12862 143
17702 255
15494 236
12553 182
658 166
14561 102
1209 111
24088 316
23081 295
10982 151
816 34
17196 134
17702 231
2881 152
23262 163
5051 243
15326 247
15916 139
23081 179
21721 174
6677 177
2568 289
10133 248
6027 172
6344 259
8559 35
7151 133
9505 122
11760 103
5652 195
19976 166
8559 222
19389 98
4801 249
10982 194
4097 98
10550 187
16662 173
13209 173
13061 149
19976 101
21721 198
24455 281
21544 234
7973 223
24455 77
9505 91
12862 174
6677 332
9968 133
13860 155
18966 301
12112 119
22343 221
17702 179
5652 270
6513 249
13469 284
17702 175
18096 213
10322 176
11359 261
21055 63
3298 74
3456 158
13209 131
16074 248
5850 139
2290 117
19848 62
4801 102
24088 186
136 246
4801 147
11359 156
18477 182
18285 128
24568 289
14561 96
16662 150
21544 70
12553 274
7258 211
15166 138
1757 196
18831 221
12553 190
24568 245
23738 118
25081 271
6204 230
20649 229
14561 167
14302 225
9768 180
14026 145
2290 125
14561 144
23738 158
18966 41
15916 62
24455 181
3654 162
24088 228
14710 97
20164 209
10322 172
8723 216
8723 139
4097 72
2881 184
5184 276
8888 170
4801 187
22814 140
19287 53
2109 75
14302 101
8559 248
7258 118
7044 101
17573 157
10982 213
10550 74
2457 223
24568 177
22917 56
5051 228
7596 180
4097 120
322 165
20753 245
17702 332
17573 166
14561 252
11359 307
21240 153
2109 279
1573 167
17022 63
21055 183
23988 73
19848 102
1390 108
9248 63
2568 281
19287 156
14982 88
816 52
24568 283
21544 128
18966 53
21544 144
20753 83
17573 150
5051 299
16466 195
1757 100
5184 225
20753 161
11952 67
23439 106
17821 165
15769 117
11472 100
18966 236
12862 261
20497 59
25081 291
5051 172
9505 146
17022 218
17196 106
4294 57
9248 160
25081 157
20164 103
3298 56
14302 270
12862 213
13360 270
10811 71
21544 114
10550 113
4097 181
9668 131
9768 147
5850 134
3188 99
4669 77
6204 107
25081 169
2109 275
17196 119
20649 269
10665 171
17389 64
3654 171
1930 151
24568 269
7404 215
7404 90
4801 126
12420 114
14843 229
5051 201
25081 339
22512 106
6344 251
13209 295
22917 42
23081 279
1573 47
20312 112
4801 122
20753 81
18966 178
13209 104
13209 267
6204 245
22512 82
12669 162
18966 141
23439 220
12112 169
2109 213
23439 244
18966 157
13583 209
21240 147
7973 187
322 220
21055 113
20164 52
13751 150
7973 199
5348 164
15166 151
19137 204
10133 92
3960 134
15494 310
9668 154
1573 153
8995 130
8995 173
23854 130
14302 54
1930 63
19743 147
4097 170
7258 101
24952 87
658 106
20649 257
9505 133
17022 178
15166 100
23081 271
8888 166
17702 267
17022 123
7596 235
10982 229
322 322
5184 286
4669 129
6832 249
20497 101
17573 276
17702 326
12268 84
3456 144
13583 218
25081 311
13583 275
18096 120
17022 204
6027 235
14302 131
21873 234
21240 185
6677 245
13860 69
25081 349
10133 75
3298 155
6513 255
22343 239
9394 74
12862 205
19287 146
14982 139
658 290
22814 106
3960 130
23081 275
10665 262
15326 325
1390 86
22512 70
2568 114
11171 129
13061 79
9394 31
19287 286
5184 163
21873 112
9968 144
21721 240
9248 121
6513 151
13209 263
15494 286
9668 263
19743 213
5476 118
14843 190
20164 95
7973 121
473 96
5348 123
21425 55
23081 91
18831 225
1930 83
3960 98
473 138
17389 81
7258 253
5184 196
8888 114
15326 281
21055 149
1209 168
6677 123
13360 211
5850 143
24455 303
13583 301
13860 159
14026 141
11614 103
136 147
16466 137
22659 135
4097 234
1097 120
4669 249
9768 182
14982 122
23738 92
9248 185
2109 166
18477 140
24455 207
14302 139
17573 293
12669 76
14026 125
15669 85
6344 92
9768 149
15326 170
16466 109
10665 75
9968 202
8449 124
18647 221
1573 240
20897 109
10665 314
15916 80
24266 147
13583 190
6344 78
7596 152
23081 227
6204 221
10665 226
2737 168
12862 96
18647 191
13751 83
16662 177
21721 68
3298 177
21873 222
8995 151
10665 246
1573 287
13751 112
15769 192
9248 193
16175 151
11952 47
15916 120
24455 195
2881 158
13061 135
17573 186
6513 175
136 189
23738 172
12862 180
13469 250
3654 257
17196 96
20649 53
22343 45
11171 171
5184 296
8559 232
20312 136
18096 264
5051 165
5184 142
3841 45
4294 61
18477 92
8299 129
21425 299
10550 121
6677 72
7779 59
4485 80
6204 101
21873 142
16466 113
19743 131
5652 228
14302 293
11359 268
5850 120
22343 125
17702 55
11614 110
322 313
4294 98
1097 97
16279 46
3298 213
5652 180
25081 281
2457 345
18477 64
7973 91
19743 181
8995 196
8449 308
19287 229
8723 143
24759 100
1573 300
322 341
22814 92
14442 190
16862 98
15326 255
2109 99
4669 221
18831 248
816 45
21544 106
322 361
6027 88
658 364
23439 258
8995 104
4485 195
17573 174
6344 61
7973 168
2737 64
21544 76
23738 198
11359 228
21425 239
10426 50
5051 122
10665 85
24952 89
5476 165
24455 299
1390 70
6513 163
3960 139
23439 312
14026 212
14843 104
23081 215
9768 70
14156 36
6940 102
11614 149
5051 175
5051 66
4801 264
10982 374
5476 98
6677 328
21425 145
9668 126
9505 140
4801 50
9968 183
7404 181
14982 112
17573 243
2457 184
18966 200
7151 123
11760 42
19137 125
24455 279
13583 110
11614 72
18477 169
816 147
18096 82
24266 135
6344 170
6027 330
22343 119
24455 199
21721 232
17022 81
17573 222
12862 258
21544 184
1209 144
17389 111
4294 51
13360 275
17573 99
23854 86
17022 52
17389 57
4097 145
12553 172
12420 82
23738 144
11171 141
658 367
3075 42
12862 177
19743 157
13469 224
12112 57
3298 114
5348 155
17573 234
20649 197
10322 226
6513 216
17702 148
15166 124
7044 138
17573 106
6204 268
24952 201
9968 63
16279 94
17573 218
322 204
17978 40
13469 228
21240 87
14156 66
17196 213
10133 273
9394 60
8559 111
22659 113
8723 273
2737 66
9968 213
18477 175
24088 82
1757 261
12553 272
13751 116
18831 259
1757 126
15916 200
1757 218
23738 80
17821 195
7779 69
12420 129
2290 88
8559 113
4485 183
5348 91
16074 313
4669 186
6513 349
11359 58
10133 285
16074 179
24952 175
15769 233
21873 272
14026 268
10133 206
19137 61
3456 154
6513 210
17389 122
6204 239
2109 151
13583 194
11952 44
10550 167
6204 278
22343 197
322 231
18477 306
15769 167
9668 101
16466 201
2457 164
21425 281
20649 77
1930 98
17821 101
24568 287
15326 219
17022 190
3654 243
7258 196
6677 60
15166 106
22343 155
20497 133
8723 236
6832 114
20312 158
8449 96
2457 126
12553 150
8995 136
16862 85
7404 124
16074 307
20164 170
2881 239
2109 110
1573 266
1757 192
8559 162
14026 160
13751 85
13860 237
20897 123
20649 267
24088 308
21425 267
24568 191
15494 254
22814 94
6344 253
6677 325
19976 114
14026 151
22917 126
11359 69
11614 167
20164 67
23854 42
7151 149
18647 121
15769 198
15326 141
15669 108
3456 124
15326 198
13360 201
5184 158
6344 94
20497 175
15669 66
25081 347
18831 210
11171 131
13209 241
3654 160
23081 157
1757 253
2290 90
2568 89
6344 186
18831 155
7151 76
11614 179
17978 122
9768 245
8559 59
10665 234
1209 173
1573 75
20312 142
21873 186
8449 248
19567 68
11614 138
21544 96
6027 309
10665 177
10426 85
13360 156
17022 202
15916 168
14026 102
21425 131
12669 99
15494 76
20753 59
17702 301
11171 100
5850 99
19287 264
14561 104
3298 283
12862 279
20753 189
16279 66
17821 147
13751 183
23854 38
4485 143
18647 157
4485 216
13469 247
8559 85
17978 147
3841 149
12553 91
18966 78
14561 90
24266 105
1757 233
6344 47
11171 138
15769 143
19743 215
11472 103
22243 110
20164 236
20164 77
20649 83
21873 262
4097 111
21873 90
4801 119
5652 306
12862 164
8137 129
22917 92
5051 271
13360 206
19567 98
6513 295
13583 188
18285 178
6940 167
922 117
21873 128
8723 309
8888 138
10322 54
7258 198
16466 115
5850 280
23586 69
8995 220
8449 294
9248 153
4097 205
4930 63
9394 45
13860 212
18477 68
8137 215
20164 134
14843 176
23081 109
6204 83
19287 135
21721 158
12420 70
7596 221
6027 278
25081 231
3654 313
1097 156
4669 79
20753 237
2881 132
9768 44
23854 164
18477 257
16074 214
24088 172
5652 165
9248 177
9143 34
21721 72
8559 216
19287 223
5348 135
13360 298
7404 209
24088 84
7404 128
23439 292
9143 80
10665 118
15916 193
20897 127
13860 106
473 183
12112 257
6677 198
17702 145
10426 77
18647 79
5850 207
9248 156
18966 208
3075 52
10982 256
6027 272
6832 184
18831 110
13360 320
23081 125
13360 335
20497 63
6344 196
3960 147
12268 159
9768 76
14710 150
7151 99
20164 164
6344 63
8449 340
8449 290
658 187
12669 176
13360 331
1390 125
6204 177
1390 58
12553 104
18096 350
17978 36
6513 119
23439 174
15494 211
13209 134
12553 251
21240 123
9768 156
13469 32
5051 157
21055 137
4669 244
10322 37
19567 160
5184 330
5184 102
24568 203
21055 153
8559 141
14302 239
15769 98
9768 84
5850 182
14442 186
17196 157
7151 79
23439 218
6027 99
658 207
24455 31
5051 133
23738 64
10665 111
6677 310
3298 147
12862 263
10550 81
22512 114
17978 108
22917 76
20753 271
5652 99
6677 241
7404 146
21544 116
10133 100
17702 166
24952 125
18966 181
13360 173
9668 193
3654 263
19743 312
15916 113
24266 71
19848 159
8723 214
2568 312
10550 171
13360 349
6832 101
9668 317
8995 120
24088 272
18096 99
5652 324
22343 129
15494 166
4294 77
10982 134
7404 197
11614 101
13860 180
22917 102
15326 118
816 41
9968 150
16862 83
13209 235
6344 41
21721 186
10665 220
3960 149
5652 157
9505 98
1097 163
3075 35
16662 71
6832 194
24088 312
21873 36
9248 71
1390 78
8449 118
1573 215
4097 215
18096 162
16279 100
21425 71
16074 58
19567 110
6027 227
11760 55
8449 317
23081 207
8449 149
5184 90
1930 103
9768 112
8888 127
322 324
6344 103
4669 111
2568 92
6832 155
6940 169
2881 241
1757 140
7151 82
12553 231
5051 265
4097 77
14710 112
21873 270
11359 73
6832 172
12112 112
12268 108
658 346
20897 67
13860 91
7973 117
19137 245
13583 147
13860 152
473 147
14442 170
21055 71
4801 239
8559 47
21544 104
8888 144
19743 270
14561 186
24266 139
322 146
17022 263
15166 109
17821 169
7596 182
11614 88
16466 99
12862 152
5476 110
17702 225
18096 182
24568 199
14561 108
322 365
14302 29
12112 196
12268 145
7779 27
13469 59
11760 81
10550 176
17389 136
13360 294
9768 254
21721 64
19743 151
11171 158
12112 64
3298 44
20164 141
6940 171
8559 252
13209 108
24455 39
4801 81
3654 194
17702 210
19287 56
22917 144
20164 109
8995 261
18966 169
21544 68
922 93
20164 60
13360 255
14026 186
9505 45
12420 158
15916 76
2881 129
17196 112
6677 92
17978 52
2290 95
4669 257
19848 110
10665 295
23738 204
6832 217
4669 50
7151 92
22917 172
12112 96
6204 225
12553 95
17389 128
8888 237
16466 129
13061 143
19389 89
21425 235
3298 166
10982 385
25081 125
2881 107
7596 131
12112 136
6344 131
6513 310
5850 166
1573 135
19743 328
23262 149
18096 267
17022 168
1757 294
18831 218
13209 148
22343 87
4097 191
5652 97
20649 265
4801 235
2290 71
4485 220
24088 258
24568 175
6677 68
9968 280
658 193
9248 52
20164 58
1930 89
5652 360
22056 70
17022 146
14843 94
21544 294
3075 68
22917 174
3841 131
1930 96
4097 151
3960 104
18477 94
4669 135
18966 119
3456 31
23854 150
24568 227
20649 79
5051 273
6832 110
9668 279
18966 127
816 21
20164 228
7779 118
816 123
12268 164
18647 243
5184 305
10665 159
18647 132
3075 74
17702 294
10665 204
21873 68
20164 113
10550 198
4801 294
3841 72
10982 329
7596 146
5652 239
3075 33
25081 333
17196 74
19287 81
12862 87
322 90
20164 126
18285 87
24568 131
21721 128
7973 56
9668 138
11359 125
6344 69
6344 204
9968 131
18966 80
20649 127
11171 57
3188 150
22512 88
11359 205
11952 55
8723 166
15769 216
21721 146
10133 79
18647 266
22917 156
136 191
15326 306
17702 199
24952 197
1573 320
15166 161
9768 161
5652 236
20753 121
322 200
3960 181
19287 180
4801 229
8723 293
7779 67
13751 179
15166 64
19567 108
7044 156
21425 193
3298 250
22917 30
21425 103
922 99
1757 298
3841 48
15669 98
14710 179
14710 161
24568 51
15166 44
2109 164
11171 65
21425 223
17702 257
23738 74
10133 104
6513 101
10133 182
10665 214
14156 72
13860 140
5476 134
20753 303
5476 107
11171 92
8137 209
3298 208
2457 336
8723 92
8137 125
13469 45
13469 266
1573 238
6513 126
4930 53
12268 154
3960 168
7044 112
2457 131
3075 92
1930 149
22512 142
19287 142
14026 147
21240 105
9968 42
17196 149
22814 100
10322 25
2457 160
7044 170
23586 61
13469 239
1930 69
15326 262
24568 259
3960 137
17821 113
24088 122
23081 197
3841 90
15494 264
15166 92
1097 193
6677 232
7404 203
5652 252
3654 214
18096 194
15916 129
22659 99
16662 143
2457 260
18647 152
19743 293
13751 140
19743 177
22343 245
7258 123
17978 90
23262 145
24455 97
473 61
13469 199
15326 122
14302 80
20649 109
20897 121
20897 131
23439 232
8449 190
1097 204
14302 171
20649 143
19287 118
3456 238
6832 97
25081 257
24455 103
5850 289
19287 199
12553 131
17702 197
14561 244
4801 300
15669 91
11614 171
23262 167
12553 298
2457 212
16175 96
24568 53
17389 140
9248 44
7044 51
12553 331
9768 72
9668 216
6832 118
19743 74
13469 53
13469 72
18096 256
4801 189
18096 237
6677 172
2109 147
22343 169
23081 137
5476 63
3298 215
12669 93
4294 108
9968 190
4097 183
5850 109
4669 253
20312 180
11359 90
9968 243
23439 316
7044 93
1757 204
13583 308
3654 173
15916 90
8137 225
6204 156
21721 222
17821 163
24759 46
14156 102
22343 109
17573 289
10133 120
10982 356
25081 363
7044 99
19287 104
19287 101
25081 159
14026 110
20753 229
6832 103
2568 83
22814 70
7596 201
658 148
15166 118
17702 303
12112 45
14302 284
10811 67
15769 96
17821 67
10133 81
24088 314
20164 91
21425 265
24455 179
14026 114
14302 175
25081 143
21544 228
17702 86
7404 96
24455 251
15769 187
8299 79
2568 57
23439 100
13860 136
5652 262
5850 180
2109 273
2290 145
3188 165
19137 175
5051 153
5652 103
8559 331
8449 151
21055 75
3188 193
13360 158
6677 214
7258 162
22512 90
12862 109
9668 313
6027 306
24568 69
17573 76
14710 158
8995 140
6513 161
17702 118
18477 245
24266 67
10426 39
18096 138
16862 129
15494 149
2457 141
6677 187
9768 100
19743 163
9768 271
13860 187
20753 323
17978 119
10665 308
1573 139
24088 138
1097 167
19287 276
6940 143
24568 185
4485 121
19287 114
9968 197
18966 161
20753 93
4669 125
23439 314
3298 230
3298 88
8888 221
8888 274
6513 232
5184 122
20649 103
6344 287
13751 107
6677 126
816 112
658 238
658 302
19743 103
13583 268
1757 113
16074 73
21425 89
13583 116
19287 205
24568 295
21721 178
14982 171
21721 238
17573 95
15916 64
7044 152
19743 237
18477 239
3841 137
13360 219
3075 126
658 247
2457 100
16662 169
7151 131
22243 96
17022 311
11359 222
21544 208
3456 138
14156 34
5850 105
4801 98
11359 244
816 29
6204 111
2568 49
18966 76
16862 122
19848 197
2109 224
1209 87
23262 103
16074 100
9768 212
14026 230
5051 143
17573 137
19137 86
12268 99
9768 140
6513 243
13209 217
8299 119
24088 78
23738 126
8723 307
8888 42
6940 132
15769 151
7044 91
3188 107
12420 166
8888 93
14302 227
24266 79
322 154
6513 302
7404 233
4097 226
18831 169
10665 147
14026 98
23854 158
6027 97
23738 146
4930 41
1209 61
23439 178
5652 123
10665 107
1097 128
19743 137
6940 147
7779 29
16074 276
9394 47
5476 75
8559 73
10811 47
16862 46
21873 62
10133 133
20164 81
13360 171
5184 203
7973 189
3841 99
24759 130
10665 73
10133 229
6513 280
5348 137
24455 255
11171 112
20649 189
24455 155
10811 99
8995 225
13209 230
10811 85
8995 153
13360 124
21721 104
13360 286
24568 247
3298 194
15326 277
17573 280
3188 97
5184 83
17389 102
24455 293
13860 189
6677 98
6677 135
2881 85
14442 151
21425 317
8449 188
20497 161
11359 253
8723 113
20753 221
8723 251
24568 231
21544 290
13751 154
5476 105
5652 243
18477 281
17022 259
11952 100
17573 114
16074 264
21873 54
21425 45
20753 91
21721 162
6677 338
13583 305
24088 62
7596 168
5476 157
9248 114
1757 213
20753 275
16074 167
18477 128
13583 176
17702 127
10665 208
17022 247
23854 142
8449 142
14561 115
24759 96
19137 305
24952 217
21055 135
8449 157
1573 119
15494 99
14982 128
16175 111
18096 284
816 91
2109 209
19848 146
18096 342
18831 271
3075 108
17702 216
10550 119
2109 217
14156 111
13469 124
2457 202
24759 114
20497 79
23738 122
11614 151
6204 214
16862 35
7258 120
5348 205
2457 350
14982 62
17702 51
2109 222
10322 74
5652 353
9668 293
24455 145
13360 152
3841 67
22056 100
18831 254
8559 133
10426 32
17702 328
13360 224
20164 65
6344 164
17821 133
3298 278
10133 252
9968 50
18477 298
2457 289
11614 96
17702 239
22243 172
22056 114
22659 89
12112 37
2881 117
658 272
2290 64
8995 188
5184 309
12553 168
1573 147
658 294
658 141
15326 332
136 273
11359 122
24759 66
10322 110
21544 150
16074 42
18096 205
8559 206
8449 320
6940 82
14561 250
15326 196
3841 135
4801 223
5476 149
6027 147
22512 122
21425 219
13469 260
3960 217
10133 279
2737 145
2457 324
12553 257
6940 68
18096 322
17978 134
16074 311
9394 58
12669 95
9248 89
6677 271
3654 151
6513 219
473 159
5850 186
24088 148
2881 83
4294 70
18477 315
22056 50
12420 143
20897 105
21873 182
3456 103
3188 223
10982 179
11359 33
2109 70
15916 46
12112 250
16074 128
6940 58
2457 307
23439 236
21873 60
4801 78
25081 335
24455 119
5184 250
22814 58
473 82
10665 197
3841 157
2109 85
4801 227
4669 237
16074 66
3298 202
658 397
5652 356
136 160
17573 286
12553 133
17196 153
20497 93
2568 173
12112 149
23081 317
322 278
7596 213
9968 228
23738 44
3188 132
18096 324
23081 245
13469 90
24266 63
5184 110
20649 201
2457 297
1757 290
12112 108
14561 189
21425 81
14561 152
13860 121
16862 55
17702 253
8449 324
18096 247
13469 97
13583 129
4294 80
4801 277
4930 95
20753 109
2290 119
17022 194
658 120
2737 98
6513 353
7404 99
8449 223
18831 118
9968 288
18647 224
2737 87
14156 109
15326 160
17821 206
11472 82
24455 217
2457 177
15769 108
24759 126
2568 63
24455 237
13583 99
12268 198
322 328
473 116
3188 145
8559 280
20497 159
20497 65
5051 220
13209 144
2737 130
1573 101
10550 146
14026 243
14302 84
18096 241
9668 150
3075 104
23081 87
24952 97
19137 186
14561 45
5051 180
19287 152
19567 96
13860 162
4801 159
13209 138
10133 294
17821 107
4097 254
15166 130
10426 22
322 132
14026 190
16175 92
19287 162
322 306
22917 26
18285 143
6677 170
658 352
10322 205
24759 90
8888 195
19287 225
473 133
10322 95
3188 141
17022 111
9768 67
19389 102
922 91
9968 93
23439 134
6344 116
4930 43
17573 210
14302 249
23988 63
13860 82
18096 358
12420 134
5348 201
14982 59
9668 237
20164 203
20649 45
2881 146
14710 70
4294 67
3456 182
23988 41
17821 199
16074 301
22917 146
8559 240
13751 71
4801 213
16862 133
18966 241
16466 163
24759 122
6027 284
9668 266
3298 237
6344 265
3188 218
2568 112
9668 95
14156 43
1757 274
3654 293
21873 216
14982 35
8723 304
9768 165
10322 228
8449 198
5051 224
17821 176
9768 203
17573 251
14026 207
136 132
13583 254
13860 239
22512 104
8299 113
3298 200
9768 214
12553 312
7973 215
17389 77
6027 319
20649 191
16074 137
21873 244
17702 206
17196 88
11171 118
22056 68
20753 129
23854 50
12268 112
24759 82
17022 113
19137 237
19567 134
13469 185
10665 250
24952 111
4097 64
21055 95
6677 255
2881 232
20753 201
3456 194
15916 117
21873 76
18477 287
17821 130
18285 134
13469 207
5652 215
13209 184
8559 323
20649 153
7258 115
12669 113
14843 118
16074 202
8449 102
23738 196
5051 312
21425 295
18831 203
16074 217
13360 277
22917 152
17978 64
1209 101
23439 276
1097 198
14302 295
5652 320
3298 131
2881 186
21873 258
11952 146
19389 116
922 97
6513 123
8449 183
22917 168
3298 100
13469 88
6204 223
5051 269
24455 67
3188 143
19848 150
21055 203
3960 159
3456 41
15669 95
6940 84
15916 93
3960 191
12420 58
22343 49
10426 141
22659 143
14442 168
7258 187
6513 286
16074 177
18477 253
11952 73
14156 124
21425 305
24455 113
23854 84
9248 117
24455 225
20649 65
23586 83
17821 91
322 261
18966 194
19137 235
5051 325
4669 158
1097 171
17821 115
4097 244
8888 107
14710 66
5850 196
13469 43
16074 223
24568 101
11472 123
3298 274
10982 288
13583 182
12268 202
12112 217
19287 174
16862 72
24759 118
5051 139
16466 141
3654 285
2881 170
13469 113
14156 97
6027 159
15916 100
24568 65
9248 213
19743 297
21240 189
18647 193
24952 121
12553 142
16074 48
1573 175
20312 128
24455 203
15326 183
14302 115
21544 244
14156 49
17702 194
17022 286
14302 231
11472 54
14710 83
1097 178
13751 97
15326 130
5476 130
7044 38
19743 303
17702 124
7596 125
20753 165
14302 46
1757 282
7404 185
2109 124
2737 174
18096 113
16466 211
23738 100
658 342
18966 55
19848 85
22659 139
10426 34
24088 74
14442 157
16279 81
23262 171
21425 325
10665 126
21544 132
11760 111
21721 136
2290 158
4097 91
1757 182
14156 93
9394 69
8888 266
136 228
5184 69
17821 73
16074 270
1097 140
7596 270
25081 183
24455 297
20753 285
22343 181
13360 228
1390 117
18966 61
24759 138
3298 126
12553 88
20649 237
15669 79
17978 83
20753 319
4801 34
6344 168
8559 77
14982 124
16175 155
5652 311
24455 59
15494 294
3456 188
21544 280
14843 203
13583 211
7404 157
7596 139
19567 77
7779 103
6027 247
13061 127
6677 218
6027 80
10550 128
15669 71
5184 266
23262 117
658 319
12862 216
1757 247
322 298
7973 73
21873 58
12112 124
23081 201
658 219
10322 86
14302 181
6344 75
2737 136
12112 185
20649 123
7258 169
14982 75
18966 93
3654 180
2109 240
14561 42
322 351
23738 186
10426 136
10322 58
3841 161
6344 262
14982 151
6027 138
19743 334
9248 142
21544 246
9968 219
5652 329
2109 198
19976 116
15916 136
14982 29
5652 119
9248 162
18966 87
6344 66
22343 59
816 82
21721 214
23439 198
13583 119
13209 196
11359 199
2290 141
19287 150
22917 108
11171 146
14302 145
23262 175
16466 159
7044 46
3075 70
23854 120
19743 133
3298 137
136 235
24759 74
3188 136
8559 210
13583 244
322 248
3960 155
14156 61
16074 115
11952 77
24455 247
6204 173
5652 187
11760 75
2881 64
6940 136
1209 105
17821 85
9668 224
8449 140
23081 83
1573 205
473 196
14710 62
3654 287
19287 68
19848 94
21425 327
21544 88
8137 243
816 165
25081 173
19287 140
20649 111
23439 208
14026 264
8137 183
16279 90
17978 100
23988 99
18831 98
12268 162
21544 110
17702 158
10133 116
9968 318
7044 55
7973 135
658 152
16074 70
4801 298
19743 299
9143 74
18966 299
19743 219
1573 211
22243 106
9668 243
21721 108
23262 125
22814 68
20497 53
6832 206
23081 185
22659 119
20312 102
1209 133
17573 284
5652 172
14982 86
19848 179
16466 145
11614 47
17196 124
8888 101
14561 218
5476 88
10982 126
6344 45
10322 47
17022 186
10665 163
322 116
17389 47
2457 262
18096 188
7596 111
21425 173
24952 209
3960 161
3841 141
23081 253
6204 258
322 267
15494 94
658 335
2457 347
2568 143
17702 340
9505 81
2568 53
7404 121
17821 77
14026 262
1390 121
21721 120
21055 61
18831 239
24455 101
19287 308
11359 295
14982 53
7258 91
9768 186
24568 275
19743 223
6027 263
8137 134
21240 127
9668 239
21240 131
10665 69
22243 132
23439 148
17196 138
10665 128
21873 124
12862 267
20649 287
8559 327
6204 190
22243 196
20649 243
6832 261
12862 166
13360 251
14843 150
8888 253
3960 239
6940 108
23439 230
12553 208
18477 285
12553 296
17821 185
9968 208
10550 184
816 43
20497 29
6677 307
7151 152
18647 264
9668 210
3960 195
22512 110
10982 111
5652 375
15494 221
15494 176
2290 73
21721 234
6940 163
21055 189
136 210
15916 166
10811 90
13469 26
6204 248
8888 231
24266 125
18096 352
11171 53
8995 118
5476 173
3456 63
22243 190
15494 89
1573 218
4097 58
15326 128
7973 154
22343 187
16466 125
19137 67
11760 73
6677 108
20649 209
10982 366
21544 172
10133 262
18096 149
19848 154
4669 273
23081 297
7779 41
473 151
10322 78
20164 87
17022 243
9768 268
15326 273
24455 43
816 78
14843 156
136 311
5051 155
21873 164
658 223
19743 231
18831 121
2290 62
1757 313
24568 95
12268 122
13751 191
21240 227
5348 115
14561 130
9143 70
19137 208
22343 171
5184 47
18647 165
6027 122
8723 95
19137 283
21055 125
19848 105
14442 75
816 49
21055 87
12553 174
20164 199
4485 223
24455 33
23439 288
6832 186
4097 54
12553 315
3456 89
2457 368
3654 237
22512 64
4669 190
6940 176
8888 65
2881 178
3456 141
13860 144
19567 44
658 221
12112 163
19137 302
24088 162
17702 222
21425 251
13583 260
20497 47
21721 246
20649 171
6677 190
19287 201
7404 199
5476 94
14302 165
14561 236
7258 136
2457 285
11472 46
7258 230
14982 116
5051 247
23081 115
14156 84
21425 151
20164 138
11472 64
24568 163
658 256
23081 119
3960 177
23854 100
13583 257
5051 320
24088 234
19287 241
14561 193
13360 333
18477 162
18477 84
9143 52
14982 156
17821 135
18831 214
5184 55
15916 68
21240 115
16074 297
24088 94
23081 175
23081 269
11359 274
3960 143
18831 149
12112 194
22814 124
21240 195
8449 255
322 192
17702 63
4485 94
9668 295
8888 50
22343 259
9505 100
658 145
16662 65
12862 125
6027 221
11472 68
21873 232
6513 181
5652 333
1390 142
473 77
9768 261
18966 256
22343 237
7258 107
5051 198
10133 108
3298 168
3298 310
11614 45
20649 31
5051 285
22917 64
16279 108
15326 242
24568 157
8559 182
16662 139
8723 158
7779 37
14302 282
2457 96
7044 179
17978 144
17702 150
8723 104
15916 190
2109 179
14561 132
322 110
19848 47
13209 280
9968 206
20164 79
16175 122
17702 133
2568 269
658 182
9505 142
16074 51
19567 47
13583 311
17389 96
20497 45
20164 186
18096 152
11359 195
20753 269
9768 250
5476 122
1209 46
13209 284
25081 127
13209 225
4485 145
18285 169
19137 152
473 108
10665 320
136 176
17821 193
15669 106
5850 130
14302 127
19567 118
14982 64
24455 89
24455 127
15769 169
17022 255
23854 46
21544 252
23586 39
19743 198
816 135
11614 134
473 124
16862 96
8723 131
7596 242
12553 286
15326 132
20497 105
13209 159
16074 225
10982 286
10550 140
10133 197
2568 236
8888 52
1097 182
6344 88
22659 115
21544 218
14982 77
1757 301
11760 57
3456 173
19137 82
3298 254
4669 101
5348 143
16466 189
10550 68
11359 112
1757 71
9968 247
2568 98
17022 210
19567 121
18285 137
20649 117
16279 116
19976 94
322 128
18096 168
12553 114
136 220
19743 143
3188 91
21425 53
1573 171
6344 198
25081 253
24759 52
322 206
6513 272
19137 311
6027 134
8723 282
22343 209
23081 237
18285 164
23854 104
7596 162
22512 134
24952 211
2457 149
23081 161
14843 159
6677 279
24952 143
20897 77
10982 279
6677 183
19137 149
17978 92
20897 119
23988 61
15494 203
2457 291
24088 140
2568 159
23854 76
15494 219
21721 74
17022 224
19567 89
12112 242
22243 146
12112 259
1209 42
9968 86
16074 268
18966 47
10322 22
18477 124
24952 135
10550 144
12553 226
3456 202
322 102
17022 152
3298 324
11359 77
10550 100
20164 99
13469 80
15494 50
24266 149
2109 155
23854 62
8995 184
18647 107
24088 198
10550 90
11472 120
20497 31
8449 161
4801 88
13209 244
12553 284
2457 255
21055 185
9968 95
3298 267
23854 128
2457 305
8449 154
15494 78
6027 334
1757 77
24088 180
14026 132
2568 141
8888 180
11952 88
17196 151
20753 137
2457 135
8137 213
6513 298
21425 323
7258 171
14302 235
21544 268
12112 70
14561 169
1209 154
18831 161
20497 99
10982 310
23081 211
9968 257
6027 189
7404 143
1573 95
10426 130
4485 191
7151 68
8888 70
14561 98
5850 117
6832 196
23262 133
18647 233
17573 102
17196 174
21721 194
136 316
8559 149
13360 311
19137 73
23738 88
10550 72
322 98
1757 137
14710 167
816 26
2109 219
8723 289
14442 132
12669 117
8137 203
18285 145
21544 256
24455 131
8559 274
11952 115
7404 84
21721 110
1757 92
17821 87
18831 157
8449 145
21544 154
10665 139
7779 116
7596 164
18096 105
6513 204
1930 129
24568 279
16466 122
1757 104
1209 121
6204 167
19137 131
18966 212
20164 153
15494 116
24568 189
20753 223
23081 313
20497 163
2457 236
12420 91
24088 160
14302 259
11359 106
322 274
18647 247
21721 218
10982 250
10665 155
3075 122
11359 110
3654 104
19976 144
16279 145
14156 70
6832 222
658 163
20312 118
6204 211
6204 262
22512 118
17702 75
3298 190
22243 162
9968 73
19287 266
658 260
19287 280
7258 249
20164 214
5850 151
6832 93
24455 191
1390 127
23586 81
23988 91
22343 149
8995 114
8299 104
15166 115
14561 138
12268 114
2109 113
13751 185
13583 102
20649 223
4669 105
7404 126
20649 137
13360 148
136 216
12268 137
8723 121
2881 208
6513 359
5652 205
7404 135
10811 76
1757 243
4294 113
16862 62
6344 162
6677 211
15494 303
10133 188
20164 143
22343 229
25081 151
2109 252
1757 208
13751 75
17821 214
12112 191
6677 315
12553 102
14561 83
3298 217
13583 145
7973 212
10982 117
17196 91
15494 284
20649 131
2568 293
3298 129
11760 100
13860 235
11952 105
20649 113
15494 91
10133 202
12112 147
8559 284
16466 197
7973 68
11614 187
21873 210
1573 81
24088 76
19848 170
13469 163
5051 137
6204 216
25081 79
4485 153
16074 160
13469 137
17702 287
2290 80
322 290
23439 126
8995 167
21873 294
6513 343
7258 225
22243 192
1573 289
2881 200
24088 212
1573 303
6027 268
24455 171
22917 34
16074 173
11760 67
4485 104
3654 309
5348 102
14302 252
14982 106
25081 317
13583 215
1097 93
12268 168
1757 257
6027 118
5184 144
21721 156
17978 140
10982 171
18831 187
9248 93
9668 199
23439 186
10133 232
18831 237
322 235
19567 148
12669 168
3654 115
19743 149
18285 68
1757 317
18831 127
3188 204
3654 276
24568 273
3960 122
1097 208
5184 152
20649 75
21873 94
15916 156
6027 304
6513 240
4669 75
8888 248
21240 119
18647 64
8888 133
20753 191
23081 293
1930 142
22814 132
21425 61
1573 93
13469 211
17022 89
10322 135
9768 142
21873 290
4801 58
1573 177
5184 213
20649 251
15166 76
20312 170
322 122
25081 209
136 154
19743 209
19389 118
6832 251
17573 73
8449 128
2109 196
18096 366
3456 91
12553 99
14302 185
6204 197
21055 195
18966 285
4801 143
17389 66
12553 110
20649 87
22056 54
5184 298
6204 151
7258 149
13860 231
13360 121
14302 64
14302 90
1757 110
11952 75
1757 322
18647 161
17022 140
14156 145
8449 283
18966 250
2109 134
22659 79
19389 74
24088 124
13469 203
11359 79
11614 81
19287 190
20164 190
18477 275
12268 194
21873 166
322 252
18966 226
20164 54
9968 154
6677 100
3960 229
1209 65
2457 246
13061 65
23738 156
17196 101
23439 280
17196 132
6513 312
14561 142
12862 238
24759 112
4485 84
19743 81
15326 319
5850 96
7404 235
5348 133
17022 296
12112 188
7044 87
3298 175
7258 206
11952 51
12553 116
13860 220
12112 145
658 394
12862 287
21873 108
8559 96
18647 183
13360 230
5850 254
1390 113
15494 109
23081 291
3654 265
24266 83
16662 60
19848 73
13469 151
136 124
23988 77
2568 151
17573 92
24088 158
12112 183
9668 89
23586 87
17196 147
17573 192
4097 45
14710 137
18096 348
14710 87
1573 226
18477 171
10133 71
12862 115
14561 246
4097 149
12669 178
18647 117
473 74
5348 88
4485 189
18647 241
136 231
5850 248
4294 59
16662 90
24455 209
10550 159
13209 316
10133 250
10550 150
8137 152
18096 288
7973 138
16862 44
1573 209
21425 163
816 74
12553 276
3456 206
17196 199
20164 176
16074 204
22243 112
2457 156
13360 315
12268 223
17702 78
15494 129
1390 62
1390 130
4801 110
22512 58
8559 90
22343 91
8559 157
6677 234
15494 63
4669 230
12420 174
6204 255
17196 192
4097 209
2290 127
21721 86
6677 226
5476 80
14026 225
24088 66
4930 97
25081 155
15326 95
17821 93
22814 120
3298 222
7973 181
9143 41
6677 151
11472 70
19137 252
24088 134
11359 141
6832 190
322 120
6677 298
1930 110
658 124
15769 222
14982 83
13061 110
18285 173
11472 35
18647 138
17702 61
22512 50
10665 175
14561 146
1209 78
7596 98
10426 44
9668 259
7258 209
14156 138
17702 298
2290 107
13469 226
3841 102
16279 98
9968 270
13360 96
4669 240
13860 183
18966 175
17978 49
2881 180
8995 237
23738 166
5184 270
3456 70
19567 74
9505 114
9768 259
816 31
12553 82
2109 141
21425 77
13469 236
6027 231
5476 139
23854 106
14442 94
19137 172
15494 137
6027 95
17702 137
25081 221
21544 210
2290 166
1757 225
8137 141
10550 136
18831 235
20753 181
12268 196
17702 276
2457 301
5184 238
10982 299
7596 274
14026 227
10133 265
17702 73
25081 361
7973 165
8888 63
15326 291
23738 180
23081 153
12420 120
20497 97
21873 200
23988 123
10665 312
20164 106
7151 126
8449 206
7151 156
19137 294
10133 178
12420 64
14843 100
16279 70
473 143
23262 129
5184 205
17196 110
10133 96
658 313
6027 157
3188 189
11359 203
7044 130
15326 293
16279 85
8449 263
12553 254
14302 75
9505 126
15166 153
13209 116
21240 137
12669 144
12420 56
19137 109
13860 89
9968 59
19137 258
8995 244
1573 306
14982 39
2737 80
15494 58
21873 220
13360 306
6204 192
14302 50
14302 190
21544 194
20497 167
22343 75
17702 307
17022 91
16279 134
12553 259
5652 140
816 104
11952 82
9668 146
22243 124
13360 258
17978 112
6027 243
8299 85
17702 69
3456 161
20497 39
2737 147
20497 149
1573 292
5184 61
15916 56
18285 167
24568 249
9668 91
3298 318
22243 102
10322 88
1573 34
12112 209
8137 113
5051 263
12862 251
21873 38
17702 98
7404 193
473 59
1573 244
1573 234
6027 193
8723 149
3075 60
3298 261
8723 278
17978 46
14710 129
6677 266
1757 171
17978 58
658 112
9968 233
1209 181
19287 268
4801 245
1930 85
18647 87
18285 157
17022 121
21425 83
7404 177
13360 197
22659 91
22343 27
11359 153
9505 118
10322 224
18285 132
18966 91
16662 109
322 280
21425 293
6344 226
2737 102
1757 237
21425 169
10982 158
4801 94
13209 206
1390 150
13751 176
3075 46
2881 256
15326 233
20649 35
24455 109
4801 253
23586 95
13360 130
11359 170
21544 162
18096 140
5184 181
3456 28
11614 124
7044 59
19137 65
2737 106
15166 128
14710 154
18966 295
4097 250
473 72
6513 189
3298 33
9668 253
23854 168
6344 146
10665 181
19137 287
7404 219
11171 143
17022 79
18285 100
23439 250
22917 72
14710 100
4485 102
18096 116
10811 58
7596 261
20753 117
23854 124
17978 104
19743 119
5476 153
8723 312
14843 193
22917 178
136 108
24568 145
24568 133
12553 194
12862 191
15769 162
23738 70
5051 147
23081 223
4669 52
8888 122
2290 162
11472 38
8559 63
8995 258
25081 251
11760 44
24266 115
922 132
17022 200
6513 132
12553 240
24568 321
8995 169
23854 136
7151 72
2568 78
9968 118
23439 146
13469 268
5652 345
15166 183
17978 128
22343 211
1209 157
8723 222
3456 156
16074 77
322 150
19287 127
473 155
2881 95
25081 107
4097 262
13209 150
6513 88
20649 133
18096 126
5850 141
23586 77
20649 121
15326 270
4294 55
17389 120
16074 139
8559 115
5184 169
20753 143
19848 142
17022 97
21721 90
17702 89
4097 95
10322 145
15669 43
14302 280
1757 134
7779 45
8888 270
20312 106
23081 331
10322 120
12112 225
25081 353
2109 236
20649 255
23081 205
136 279
8137 111
12420 66
5652 89
13751 164
3654 147
6513 105
20753 179
2568 147
17573 230
24455 81
8137 228
322 301
3298 61
5184 230
6027 295
1209 129
23988 127
21055 157
24952 189
18477 142
7258 145
19137 248
15166 98
14442 67
10982 103
1757 60
18477 102
11760 50
473 126
23738 78
14442 79
3298 263
21721 150
25081 135
24455 29
11760 40
16662 67
11171 69
14026 149
1573 277
4669 63
24455 311
9143 54
13751 132
3075 38
21425 225
6677 179
2457 372
13360 177
4294 49
20753 251
4669 154
13583 123
2568 104
1573 49
8559 200
7779 31
12420 99
3960 108
3841 86
5184 262
11952 111
16074 111
14843 201
23439 226
19743 252
25081 191
6677 321
17022 241
6513 333
24088 220
322 188
14982 98
8449 336
2568 133
8559 98
2737 139
16074 206
21240 221
21240 179
1757 255
3188 105
3841 54
13360 325
6940 149
21240 173
22814 96
7973 119
21425 263
16862 91
15769 225
22056 82
21240 225
22056 66
15494 314
18096 86
9768 92
6513 282
8559 282
17702 82
1390 66
6204 188
24088 248
473 189
14843 114
7779 80
17196 181
18647 256
16074 44
19137 225
4930 59
11952 123
9248 198
18647 154
10550 77
7973 219
10665 99
3298 68
7973 65
18477 76
12553 178
20897 87
9505 116
17022 135
18477 269
24952 115
16074 152
24568 123
8559 226
3960 200
16862 131
13061 102
17978 44
23738 60
17978 132
15769 241
136 162
9768 207
20649 151
6027 92
20649 37
15494 111
15166 181
10426 69
25081 115
4801 131
17022 48
473 64
9768 159
2457 281
18477 203
17978 32
22343 97
7779 99
7258 97
7258 237
14561 212
17821 203
9248 69
4669 175
18096 111
17022 71
17821 81
16862 125
13860 110
14561 164
13583 250
6344 57
9968 48
19137 241
12669 150
13469 127
2109 232
1209 164
22512 60
13469 57
1390 104
22056 108
2737 153
21873 190
24455 169
18966 247
23262 147
5850 92
23262 187
322 124
11171 106
12420 176
13360 139
23738 154
658 309
15166 134
5652 184
2881 78
19137 162
17978 38
3298 239
21425 333
7596 228
4097 127
23586 101
136 199
9768 133
20753 307
6677 66
7596 104
22243 176
10322 131
8449 194
14561 210
10982 303
14561 180
20164 71
8137 191
5051 94
1573 165
922 73
17978 60
17389 100
7404 77
16279 137
14302 109
4485 210
3188 161
23439 210
7404 171
18096 243
8995 94
17702 274
17022 292
13209 142
19389 128
2568 116
24088 276
24266 131
2737 72
136 104
24266 113
23439 326
19137 158
23081 97
12553 290
7258 93
658 348
17022 273
2568 184
19137 105
2568 255
8559 65
5348 189
7973 177
23081 199
6832 265
21425 59
21425 319
6344 152
6677 317
3298 38
22343 157
2881 74
13469 121
8559 178
20497 135
2109 258
6940 185
2457 352
12112 261
23439 98
18477 186
2290 170
322 113
6027 84
16662 48
16862 94
5051 253
6677 110
136 249
2290 154
13469 40
17196 161
3188 109
21240 207
21425 273
8449 132
5348 145
5184 293
20649 165
8888 68
5184 116
6027 168
6204 281
6027 259
9768 241
5051 60
8559 214
7151 101
4485 169
6027 112
13860 164
24759 106
10322 189
15166 72
15326 229
5652 318
19389 108
21873 260
9668 103
12112 158
8723 117
8449 273
22056 88
21873 196
11359 178
13469 183
1930 116
19743 266
18285 70
24568 205
5652 149
11359 224
15916 42
3298 151
8299 135
13469 292
17196 142
8559 153
20649 181
6027 256
10982 260
13469 131
14026 232
6832 182
19287 110
18831 134
21055 59
13469 62
6027 201
18096 109
10982 192
21055 81
10811 33
8723 175
6204 105
10426 54
24759 72
13751 142
17702 109
8559 276
14302 268
5051 237
14302 31
10665 210
22814 146
24088 300
8995 124
19137 155
19743 161
6027 145
11472 86
23988 83
17196 84
24455 53
4669 97
24455 159
1757 223
18477 277
16662 28
21873 170
2457 128
12112 104
7258 221
5348 185
3456 223
17389 68
2109 242
1209 76
13209 155
1757 149
18966 243
2457 181
5476 155
6513 139
6832 165
13860 146
11472 78
11359 284
17573 135
25081 261
13209 259
22659 141
18966 314
24952 107
23262 113
21240 89
24952 163
17196 221
4485 179
11171 155
25081 123
7258 191
4801 273
17022 99
7258 154
14302 188
20497 89
17573 78
23854 170
1573 68
18477 283
19976 150
11359 166
9505 110
25081 357
4097 213
136 82
5051 232
11359 116
16279 141
8449 279
12268 149
4097 74
16862 79
14561 229
15494 186
20164 157
17022 154
18477 60
2457 112
2881 103
658 234
13061 152
17702 173
4669 217
3456 52
23081 129
1757 309
5184 314
16074 88
4801 163
13860 104
4097 125
14156 115
21425 93
25081 213
3075 50
22243 188
8995 98
13583 205
12268 101
14302 157
18966 49
8559 53
6513 263
14843 163
816 70
20312 114
13860 79
658 215
7151 107
14442 122
18477 211
19848 81
20649 55
22343 101
3298 65
25081 99
13360 110
14710 116
12553 212
22814 98
3298 243
23262 139
2568 246
1097 136
9668 113
2881 182
6204 120
7258 218
3456 165
7779 72
7596 150
3960 221
19567 150
2457 376
12553 205
16662 131
17573 199
18831 257
5051 283
2881 192
1209 113
23439 86
11472 94
20753 193
12862 270
2737 69
20897 83
3456 234
11359 246
21544 134
24088 98
5051 112
24088 218
8888 48
18966 287
5850 155
21544 286
5348 175
17022 290
15494 153
22917 44
10982 145
5850 113
6513 130
17022 127
16662 38
9768 197
3298 124
7779 35
20312 182
658 108
17702 269
19287 164
12862 283
7044 79
18647 71
20164 183
22343 85
16862 66
6513 147
322 284
4097 248
19848 70
9668 173
6344 101
13469 84
21544 288
816 139
11760 87
10550 174
9505 144
4669 87
3298 58
1757 202
21873 120
11614 50
6513 247
14843 140
3188 120
13209 299
10665 187
22243 164
11614 120
17821 83
4801 129
20497 83
10982 233
10133 162
6344 123
17022 144
3298 91
8137 121
13469 262
12112 215
19389 85
13360 187
4097 258
9143 47
19137 177
8995 143
8559 286
17702 265
16074 141
13860 95
6513 236
21721 94
25081 279
8995 100
10665 166
24088 296
4097 217
21425 111
10322 103
23439 268
17573 203
11952 80
14156 87
20649 183
5476 116
24455 57
4669 132
17022 214
12553 180
21425 129
922 115
6344 105
13583 291
5051 161
14982 70
10133 168
18096 133
10982 336
18096 197
24088 216
11359 51
22056 60
24455 283
12420 153
20649 285
23854 24
21544 80
4097 162
6677 194
5652 286
21055 85
19848 87
1573 157
3841 70
17022 269
7404 131
9768 233
17702 279
14561 86
9768 188
2290 93
6027 313
2737 165
21721 114
10550 163
23988 49
10322 168
136 233
17022 275
10665 326
16175 120
17022 283
136 304
18831 101
23854 88
6677 205
14302 137
15916 211
17022 148
21873 280
9668 246
3298 149
20312 166
658 298
8449 120
2457 358
11171 125
10665 193
9668 85
10811 73
136 263
18647 136
11472 58
1757 162
14302 207
8723 179
3075 98
8559 321
5051 318
6832 140
23439 162
4294 82
18647 83
10665 103
22512 144
21873 42
6204 80
2109 64
16662 94
18096 201
10426 27
21055 55
16662 63
12862 274
20897 89
2568 211
12553 247
9968 69
922 136
1757 102
10665 190
3654 278
9668 287
18966 123
10133 200
136 195
23738 40
5184 192
5652 145
816 127
15769 185
17978 74
18966 149
15326 158
6940 128
11171 168
21873 276
3456 39
10665 134
11359 270
8995 149
25081 343
13860 125
14843 166
25081 237
7151 147
3075 86
20753 317
2737 104
3654 165
14561 69
23081 163
16662 56
8299 75
3960 120
658 390
19287 216
14843 231
20312 96
19567 112
4294 110
5652 84
15916 110
22243 136
658 134
6677 175
2568 122
9248 67
5348 209
2290 113
7044 176
17821 139
24455 121
10322 113
23439 248
22343 21
18477 189
10426 29
22343 201
2881 156
6832 116
19976 90
4801 220
15166 163
6513 67
5184 73
9968 274
16662 116
4485 149
20649 91
21544 242
5850 284
21873 156
13061 62
4669 269
322 250
24088 106
24759 44
15166 46
22917 182
7258 111
8723 200
14561 126
2109 192
17573 139
1209 125
17821 121
11952 119
10982 165
4801 280
16466 103
16466 147
18966 155
23586 107
19743 109
18477 147
4485 175
15166 52
15326 134
24568 173
13061 123
9968 89
1757 240
4669 246
19567 128
2881 81
5652 211
15326 213
5051 145
6513 337
13209 250
21721 92
23081 259
11359 191
10665 267
7779 53
10982 316
24952 137
19743 239
14026 104
136 140
16466 171
2568 74
8995 165
11614 61
14302 77
8299 100
6027 266
5652 364
3298 162
10322 72
12862 228
10426 24
17022 45
6027 151
13360 282
6344 235
18831 197
9968 199
136 84
15166 80
8995 239
18285 149
473 170
5051 120
10982 202
1930 159
6204 252
11359 149
11472 116
322 319
5348 168
4097 201
5184 317
19287 62
19976 194
322 315
7596 96
12553 146
4485 157
12862 156
3654 219
12420 110
20649 73
24568 253
13469 286
8723 276
24759 60
8299 152
23081 225
8723 234
3841 52
14442 109
10133 306
8449 304
18831 263
8723 152
9968 193
19567 100
1209 183
8888 38
23988 113
19137 190
16279 79
18966 308
22917 104
14561 55
12669 136
13209 219
10426 117
18096 145
2568 47
23854 108
8723 147
6677 340
17573 295
1209 170
7258 165
21873 50
22056 48
8559 51
10322 34
9248 175
3456 213
2457 330
17821 173
21425 167
15166 157
19976 136
10982 225
9248 103
3841 147
22917 96
23586 47
6832 240
5652 201
12268 118
14982 110
13209 292
10426 48
20753 113
24568 315
2457 204
11472 90
10133 236
9248 173
25081 329
24088 182
6204 154
6344 97
6832 134
18096 316
9668 206
9668 158
322 345
15769 158
8449 200
6344 273
4097 188
13583 131
3456 169
4801 86
14982 135
22512 78
8888 91
17022 234
20164 130
15494 145
14843 186
4801 52
9968 284
136 299
10550 190
10133 214
13469 107
3841 143
136 261
3298 70
3960 205
11614 98
17702 122
8449 174
13860 193
20649 231
11760 59
10982 217
19287 251
13360 236
17389 61
1097 114
12862 129
9248 73
8559 302
10982 186
5850 159
4801 247
10133 290
23988 59
8888 46
1573 59
25081 199
17978 71
658 175
13209 223
2109 269
21873 32
9768 190
5184 272
20897 125
20753 149
20497 147
17022 228
11359 189
12112 72
13209 122
2109 68
3188 157
5348 127
20497 49
21544 220
9968 97
6027 223
322 181
14561 225
5476 112
11359 130
10133 186
1573 97
19389 104
19743 322
7596 143
15494 180
3654 223
16074 96
23081 143
8559 304
8888 130
8559 308
16279 53
10550 98
20312 98
24088 174
19287 178
18477 323
15769 115
3960 187
6940 62
24088 242
23081 147
19976 97
10322 203
21721 180
1573 125
8559 69
14561 51
15916 72
24568 61
2568 40
21544 170
10322 123
10811 78
19567 85
24266 119
20649 163
2109 145
5051 124
9768 136
9768 194
4097 265
12862 121
24568 137
11472 62
16074 194
4294 85
18647 258
6204 186
17821 126
4097 228
24455 261
5348 112
12420 89
11614 114
17821 143
17389 107
15326 249
21544 166
3960 235
14026 200
9768 199
5652 315
6513 196
16074 290
4485 117
11472 105
17389 132
20897 111
322 349
6027 178
17196 76
2457 120
7044 110
4485 128
21240 151
7596 155
20649 61
473 131
25081 273
9248 95
3075 56
13209 153
24455 93
17702 105
15326 145
12112 116
16074 185
16074 236
6344 127
10133 164
10982 107
3298 135
9505 59
658 371
9768 144
