776
516
7998
1892
172
9589
3053
2494
5848
8815
3311
4687
4214
6622
7611
1333
5590
7310
2881
5891
5461
3182
3956
5504
9331
2967
3354
774
2107
3483
4386
9461
9116
4472
6837
516
4902
8987
5977
6579
3827
9847
1763
9933
6751
3784
7009
5418
3139
6665
3526
6149
7998
817
7611
8041
301
3698
5719
5504
3268
8428
7353
4773
258
6579
8901
8342
6364
1376
8342
4343
6751
3956
5332
1290
7482
215
1591
8686
6923
9417
6579
4730
9632
4515
3354
4601
473
1333
6837
9417
1462
86
5117
4988
6579
3827
1247
7439
8686
6278
903
4558
6321
9331
5719
8987
258
8815
688
172
4343
258
5074
8256
3397
1548
5848
215
3096
3096
7826
6880
1849
4171
2021
1677
86
3698
4644
8299
2580
8514
2021
3311
5117
1075
1333
9546
3440
344
3268
9804
3268
6536
1290
1161
1032
9159
8342
2752
1376
5762
6407
6020
2193
1075
1419
3139
8084
7869
9202
2150
5332
9374
2451
2064
1247
9417
9890
8428
7396
7439
7740
3225
8944
9288
6923
6708
5375
688
1075
9288
8514
4644
903
7396
5117
9460
9976
2537
3956
2666
4300
7740
7869
6751
2408
4558
7611
430
1548
9073
1978
4257
5246
3784
4128
1849
7181
3053
8901
344
6794
3354
7697
8815
6063
258
5461
3139
6493
3784
4472
7697
7568
3182
430
8729
6751
5676
8815
774
9847
5504
43
2451
2236
989
774
6794
1333
3569
7697
2752
7396
7654
3139
1548
5676
9116
4945
1935
9632
1290
387
6665
7482
4171
5977
3827
3440
8428
2279
5891
1290
4601
9460
7955
4773
7181
5332
6579
5375
3483
344
2236
9933
9159
8127
2795
516
6106
1849
1892
5504
9503
9890
5977
6622
3397
4386
2494
5934
3655
172
301
6751
1075
5719
387
7740
6321
2752
3354
6149
258
6106
7611
9761
4644
6751
9116
4601
860
1290
7869
2494
774
3569
6751
6579
7654
7439
5117
8213
5160
8557
5934
43
688
8643
1333
5117
6235
1419
7783
9804
1677
4042
1161
7783
301
7052
8041
1505
3096
8772
258
7224
2021
1333
7697
8256
9331
903
3956
1161
3655
4085
688
4386
6579
6063
6235
301
2623
8815
6966
2408
9417
5418
2150
1333
3440
688
7525
8041
1462
3870
7654
2924
1548
2107
258
7052
8772
6020
4730
9589
7267
3827
3354
5590
8729
9030
6106
4429
645
5805
1
9976
9847
9804
9933
9933
9804
9933
9847
9890
9933
9847
9890
9976
9804
9976
9976
9976
9847
9933
9976
9847
9933
9890
9847
9761
9804
9847
9933
9847
9804
9804
9933
9761
9847
9847
9804
9847
9761
9890
9804
9847
9804
9890
9761
9804
9976
9761
9761
9804
9847
9761
9847
9890
9761
9847
9890
9933
9890
9804
9804
9976
9933
9976
9933
9847
9761
9976
9976
9804
9804
9761
9847
9890
9804
9890
9804
9804
9976
9804
9804
9890
9804
9761
9847
9976
9761
9847
9761
9847
9890
9804
9933
9976
9761
9890
9761
9804
9976
9976
9804
9847
9890
9804
9847
9761
9761
9804
9976
9976
9761
9847
9976
9761
9761
9847
9933
9804
9890
9933
9804
9847
9890
9890
9933
9933
9976
9890
9847
9890
9933
9804
9976
9890
9761
9804
9890
9761
9804
9890
9890
9933
9890
9804
9847
9804
9890
9847
9847
9804
9804
9976
9933
9933
9933
9890
9804
9761
9976
9804
9933
9847
9847
9890
9761
9933
9847
9890
9804
9976
9847
9933
9847
9890
9890
9761
9847
9890
9890
9847
9761
9847
9933
9804
1634
43
1
9460
9460
9761
9933
9632
9804
9546
9417
9804
9718
9718
9976
9804
9546
9503
9460
9718
9460
9460
9503
9632
9675
9503
9417
9847
9460
9804
9890
9374
9718
9589
9503
9718
9503
9847
9847
9933
9976
9589
9761
9761
9374
9460
9976
9589
9503
9632
9761
9761
9976
9417
9503
9804
9632
9460
9933
9847
9675
9718
9503
9890
9374
9976
9589
9374
9460
9804
9933
9804
9503
9761
9546
9460
9976
9718
9890
9417
9847
9933
9761
9460
9890
9546
9890
9933
9847
9933
9632
9546
9460
9417
9589
9976
9976
9589
9761
9718
9718
9933
9503
9503
9675
9675
9546
9632
9804
9761
9546
9890
9675
9933
9847
9546
9804
9503
9417
9417
9503
9503
9847
9417
9761
9417
9761
9632
9589
9546
9976
9890
9546
9718
9761
9976
9589
9976
9847
9589
9890
9847
9460
9632
9460
9589
9546
9804
9460
9718
9589
9804
9890
9503
9976
9675
9804
9374
9804
9374
9460
9374
9546
9503
9761
9804
9503
9890
9589
9632
9976
9976
9546
9804
9976
9847
9804
9374
9718
9417
9675
9933
9933
9976
9976
9718
9761
9890
9503
4816
559
43
