1000
2798
5254
3102
8795
3485
283
6177
3022
3951
9213
7009
4912
5826
5333
740
3199
401
606
516
9376
2591
8110
7376
540
784
8798
7049
5516
2406
2093
8205
1274
6264
6663
9271
4636
7555
6986
8407
5490
1039
138
95
5396
1739
5741
1884
1626
7776
5673
7099
6765
8933
4320
6265
5194
667
1988
9702
4138
6751
4403
5536
9488
4496
9111
2836
8754
5411
3786
2616
9759
6705
1190
7750
7118
4797
9561
4201
7606
918
5058
1424
1519
5097
5374
5493
3000
888
3061
4127
9551
1262
6924
6616
2434
6545
1330
1002
9712
5196
7851
6612
3992
8446
6566
9112
827
7450
2682
6102
9181
7131
8860
698
7203
3698
9870
2936
4579
7885
6294
6814
7147
6679
1316
1218
1993
5999
1281
3261
9457
6531
814
6598
7142
381
5137
1580
9949
3866
1458
2051
5798
3976
3032
8801
3660
761
322
1220
4292
1551
1087
6491
365
7581
7085
3794
4147
8729
7779
2065
1532
2796
5884
3780
1164
8326
2792
2901
1405
715
123
3218
8497
7484
7957
3306
1447
3354
3579
3710
8646
8189
9309
3805
7313
1560
2337
650
3818
7585
865
3216
6186
4649
2990
2104
4862
4961
6331
2552
263
7460
3114
6037
6810
9881
6089
4833
8424
3768
3570
9652
4695
9348
7970
221
5494
7802
6081
8997
6959
2918
9861
1977
973
443
6209
4413
3819
4510
5234
7944
40
531
5242
8160
3002
3095
4535
5950
9318
8542
5158
7513
8039
4140
9013
6517
8731
8981
6482
8663
9706
1444
252
7235
1250
4213
7680
5188
1234
994
4969
8521
5841
541
9534
2216
3078
3696
9010
3293
5457
6731
9786
5609
6116
7067
1238
5347
9241
3881
5399
6428
6201
2610
6960
6494
2118
6953
7281
3764
7610
726
9942
4115
5700
9222
5047
7756
3223
2687
3151
8021
735
4674
5957
804
4855
4565
7847
1242
9940
9206
2758
7589
9410
3567
1726
9009
8560
9554
7064
5778
6085
1815
3930
2282
343
1681
1364
7171
7916
1657
2114
6222
3627
4372
7418
2978
2433
3228
4810
5955
5570
754
8525
8743
1339
9501
882
9173
5367
9544
3604
5001
6280
8476
2175
2141
105
7181
5401
6495
3621
7571
6457
8227
2656
4850
7192
6427
2176
2022
114
3190
967
387
3070
5614
3534
7713
1102
8706
9972
825
9429
9718
4974
6911
8482
3005
3053
940
9251
7301
699
1
6619
3279
1574
2649
9139
7427
9981
9039
2361
4026
9431
6002
9359
7149
4876
9197
1430
4343
1379
5011
7603
5864
5432
310
2769
8634
6574
6055
6622
7356
5364
3219
6305
3038
3970
21
3121
5503
8503
9084
2247
5118
770
4633
2349
6902
7324
22
5818
6155
3020
476
1918
8313
5698
1251
7811
5753
2715
8607
8276
7312
2597
2644
4240
2403
7504
2021
7135
9101
7595
8645
5282
5942
344
9820
7666
4142
2747
7157
9530
3887
6973
6029
8900
4539
7196
1324
8034
1707
1377
2875
3097
9804
9034
8186
4651
7030
8880
3675
9247
6790
4259
5853
2703
3360
2113
9178
778
196
9198
4465
7071
7164
9906
9093
1995
5615
6238
897
1359
3643
3913
3267
2854
6690
9622
9947
766
9245
9074
5082
4599
3899
254
5709
460
9976
8379
2660
7625
4401
6101
1725
1366
7836
9127
5905
8259
9779
5087
4051
2279
3669
9901
8723
5408
5592
4059
997
5730
5707
4990
6602
6564
6576
9239
4939
8364
3907
7575
1533
2955
7467
8761
890
8340
9728
313
2522
7288
2284
743
8252
9518
8970
3143
7272
680
2333
8122
8601
5388
652
5823
5735
7141
7515
5679
8193
5857
1314
7976
3568
6005
2087
3111
7887
4131
6833
1038
9516
1674
58
2537
2103
2261
1107
3830
7305
4243
8588
1335
7084
6894
7237
2160
3119
5683
5940
4679
3882
6282
3302
393
1949
3984
2376
2742
8225
7056
4305
5906
903
4537
2705
8161
3139
7499
1480
8625
8428
3239
4576
9751
1961
4849
5572
8389
6107
5467
6961
6312
7166
6124
2638
64
8876
8566
5644
8523
6662
2947
9643
2605
2366
4303
5228
6097
2213
2278
8433
5755
395
333
3364
5255
6471
2420
1017
6110
6017
4522
8180
143
4793
9485
2794
4128
4476
1340
1960
7613
4477
1686
8316
1866
6411
415
3874
6496
1742
2679
8174
6024
6698
1374
6993
5899
5103
1343
8735
6472
3843
2352
1698
9918
4056
830
829
2254
8238
2543
9800
1019
4534
7485
9106
2553
8537
8080
7000
4773
2091
7293
9291
5289
3467
8191
2210
1105
5624
2283
6758
6211
7489
6368
2153
4781
9056
3677
6534
1982
5198
9892
8763
5159
5885
3903
7629
2023
6383
5837
8863
6538
7536
5867
2728
4801
3856
4484
4399
7893
4485
2635
2499
6856
8813
5690
7748
20
8865
7028
7924
935
8223
9164
2993
2355
8699
6528
9035
6657
8113
8636
5436
616
2081
9623
7240
3861
2439
7661
1662
3173
1986
1161
1005
155
5896
7303
3422
6170
3292
678
5084
1695
9794
3048
8491
3837
6998
1490
2205
243
7522
2203
132
7440
791
8434
8963
4326
578
9919
3979
6625
8439
5310
2373
4818
803
4512
622
3852
3458
1054
9500
2863
6234
1311
448
5775
7770
7905
9174
6154
5983
9946
1803
5021
4327
9254
403
5357
4196
9387
1471
7307
1380
6422
4460
1700
3257
3741
6440
9171
6777
8495
1138
1348
7475
8629
1559
1836
7590
4736
7390
8300
1616
6434
3536
2664
2027
6624
9898
9717
3367
9838
2008
4722
1223
8496
8256
2879
6334
2984
4377
2339
8106
3547
8197
9321
7841
4800
7229
4218
6057
2517
3330
9373
9780
4715
6086
1908
2538
4585
9864
4411
6715
7800
329
1031
5390
1411
7597
6556
1705
4901
60
3303
7977
1588
2311
7154
2524
4109
2003
5594
8825
6962
8655
7794
5733
6153
3017
4770
2996
4930
5527
7011
6126
7204
8289
9246
1092
3468
9514
88
4771
5748
5596
6865
948
658
7465
1206
3742
4921
6919
5658
3322
1118
9297
3846
6928
2810
5314
1158
