6200
834
140
1633
1772
2006
2079
2233
1082
1519
914
3041
1131
2451
690
2334
778
2412
906
1540
695
121
2744
253
2317
897
1357
3111
497
2686
2233
1017
384
331
1316
944
1701
1196
2671
2214
650
165
1193
1602
1123
2370
1071
1883
2781
1498
585
1650
564
166
269
1421
3118
1690
1384
899
2176
1174
1815
832
2592
485
836
2864
1923
521
972
940
2762
1119
1409
2935
1521
503
236
1495
2095
1379
1279
1126
1521
2282
1491
212
471
2087
182
122
3097
929
899
473
2636
2715
462
1082
1816
537
2551
2266
375
1636
1732
2577
2622
1856
1103
753
2044
2752
2585
381
537
1171
892
2994
2215
2604
1847
668
2056
2605
1820
2756
2370
336
821
2847
810
2968
2259
1051
816
157
2282
1890
1733
437
287
2901
1237
1066
810
3028
525
2059
851
2937
1948
2183
1310
573
2221
1568
357
2401
2759
1263
2933
2362
1529
2111
2629
2238
149
2985
1358
124
1601
3115
2052
1068
1584
2066
1701
2082
3066
1747
2898
2029
1649
2454
2719
1054
564
2621
1517
2080
553
2880
1453
1452
2093
2315
1199
2123
2674
1622
2647
2001
1694
2867
1696
2474
1985
2995
2518
2570
1235
1452
2297
2243
2102
2874
2241
1657
1461
905
831
619
558
2764
2889
1873
486
377
2491
1633
1331
2313
751
1994
1162
1194
1168
431
2455
2097
1786
299
2731
1495
1127
2112
2032
2813
558
2590
1188
2476
2444
1258
1059
939
2072
3031
838
512
1352
1175
151
2609
1644
446
2592
1427
1324
2202
2236
391
934
3003
438
1828
2161
2187
2184
1758
1565
1297
1283
2975
2968
1695
776
1531
244
2494
2801
1166
1632
2229
1073
1664
1832
2547
1695
2021
1857
1116
2368
178
1006
1975
2483
2422
387
1219
717
2250
728
1302
226
1751
2786
412
944
2001
1915
1175
1743
389
1505
1154
1646
1311
2791
800
2695
506
1278
1219
269
2774
2136
2932
2182
1949
2792
995
810
1960
163
1969
2768
3046
1203
2083
3006
2150
869
2858
717
708
2635
1615
3112
547
1909
429
269
247
2310
1291
482
709
2857
1855
1271
1992
1362
470
2612
2335
2247
1212
2584
925
2360
1672
1036
615
2354
798
2367
1128
571
350
3044
2025
2348
2561
2965
2709
669
1957
744
1022
1479
1295
671
1102
2352
2283
2307
122
983
2017
157
2693
1734
1749
1737
1909
904
290
533
166
2038
1830
2938
2361
2699
1403
2280
1668
1022
884
2473
3021
1714
2474
838
772
2485
883
514
1650
1099
125
357
526
2589
2603
2513
2653
2228
634
1354
1480
701
2275
2327
1709
1067
1743
2840
1870
2276
2387
3034
204
2883
1545
1319
2377
1718
2841
729
3069
2884
2517
215
214
940
170
508
1824
1203
1482
2474
299
415
1305
214
621
1893
681
2804
1794
392
2420
1425
1150
1334
1947
954
2826
153
2759
1387
324
1212
2100
780
1015
2832
586
2111
887
792
2730
197
198
452
2277
3092
701
865
2909
145
1429
3066
2100
1821
1490
487
468
2729
2244
202
2067
3090
879
276
2265
1161
695
2869
2462
994
174
2906
2042
2940
463
356
1083
652
1675
1351
2021
2675
968
265
1522
324
1335
2521
1108
2566
2688
689
687
1999
354
1832
1328
2502
957
831
980
3073
2112
1429
3080
985
1031
1416
1284
1948
793
1713
241
2358
1983
2165
253
1501
2367
1195
2920
342
2439
2641
2616
1948
2861
1897
1225
2588
1307
2691
340
2593
993
2059
1380
2001
573
1255
2269
2560
1980
547
1873
869
724
1420
2572
327
889
3093
2036
2489
1184
900
409
1168
338
1615
821
2431
1386
2744
1353
1068
1084
979
1844
2048
2780
2965
2138
2360
2463
524
1734
2107
222
2978
2825
2538
1842
2779
1390
3097
167
696
1831
296
258
1614
596
1450
2337
1997
1209
2581
1191
2492
1024
830
1971
1916
2831
1653
2001
402
2537
2093
2864
1405
498
831
2110
1292
2589
622
2194
1299
2068
856
270
461
2128
986
486
2533
2760
2057
1418
1352
2086
585
2437
3019
166
3045
1361
1481
1949
3076
2809
1059
1763
718
2636
2137
1282
2261
2253
3077
1639
2952
3078
2405
1248
849
2782
1343
2663
825
826
2107
2340
1078
437
1084
695
693
326
2395
1679
2411
916
187
2846
966
1238
1180
1064
143
1847
945
2060
1738
462
1411
800
2967
1089
2428
1480
471
1217
3001
1987
2231
755
1028
408
2087
2659
2426
1229
1232
1601
325
2604
3067
2580
2541
1860
2583
2808
1188
515
1058
2946
616
2821
1203
1388
1712
130
158
937
2900
433
1896
2713
852
2633
2809
2225
1230
187
1267
420
2278
752
1367
2773
1835
2926
3042
1610
2281
777
1609
3025
426
221
2646
287
2171
375
181
1652
910
2429
1577
2256
2980
2773
2937
358
487
2525
1974
845
2627
256
471
2984
1790
1828
935
1959
355
250
401
202
2248
441
2519
2744
997
2223
1950
1772
2744
829
216
3083
2453
1724
1813
388
2345
1873
466
1478
1121
463
1050
1799
1387
2344
393
2884
296
573
2300
716
2136
1387
3027
2461
599
2318
3036
1139
1224
2395
1837
1956
2879
1319
1500
3005
2874
369
1613
2553
1027
938
793
688
2835
1897
716
2208
2365
1610
1457
407
2230
2537
1838
2309
1013
992
2919
2865
619
2652
2176
1039
2604
3059
1458
1123
396
1269
316
1352
2476
1541
2443
2630
1194
2148
2812
2480
2128
2234
809
1655
2179
630
2150
3005
3070
2041
2437
2748
1443
1382
2198
2835
2248
1794
972
1090
2648
1726
3054
1991
788
1950
622
1425
707
1859
414
1929
1267
870
2143
2978
307
2629
142
2444
1384
1061
949
1601
2261
1334
2063
2768
224
1863
1862
1477
2019
3022
1654
1024
829
2293
2330
903
1555
2832
699
207
1536
1984
1025
1260
2426
3113
1099
3105
3104
2604
718
912
1897
2855
857
1958
2237
2915
762
887
1343
1999
2328
2140
1433
292
248
2981
761
1721
182
704
1631
1084
2674
2177
1150
2618
394
2565
2995
2472
2612
926
2990
2282
2365
2785
1081
891
1065
305
2012
2040
2309
919
2465
2732
2354
2034
955
1089
1363
2236
2039
1775
856
881
1501
2657
1935
1720
2796
129
947
2444
564
657
2831
1914
198
1546
1896
883
484
252
176
2399
2758
831
713
383
2167
304
1144
1074
399
2915
2549
1638
1287
978
1170
2325
2350
1454
171
1495
2112
500
1739
1230
353
2797
1063
296
224
1972
2360
2611
1094
2128
2513
1574
899
2350
198
2869
636
317
755
2442
2339
650
260
1607
1657
2577
3034
3044
227
262
2790
1787
1514
1492
1873
431
944
796
624
1977
3017
545
2397
1764
2238
2994
2810
2634
2523
2768
1605
2078
2654
1869
1321
390
3022
679
3028
711
983
146
2118
937
2161
945
1319
412
1388
406
919
296
1554
878
3118
2448
1929
2684
1283
658
931
335
1231
2567
2089
1037
2957
2402
2302
876
2159
1803
2225
624
1875
1020
1895
416
2131
2630
1179
1418
2681
3003
2873
2924
991
1701
2580
1631
1850
922
487
1441
2528
2143
2615
707
1880
1458
1485
2224
1174
1160
235
1393
1018
2266
664
2271
1475
2304
2705
290
1924
2530
2943
1208
2106
781
2058
2691
148
755
917
2485
1004
2139
2938
2168
2267
2409
2254
483
2146
462
1981
2821
3105
1859
1444
2837
392
2168
1234
1467
1084
1755
814
2112
3047
2564
1304
2155
636
2838
2707
594
736
2366
2072
2978
265
2360
3008
170
349
2689
2272
1309
1936
2721
1761
991
363
902
1429
868
1418
619
598
3099
1901
2837
141
1053
2977
1370
2988
1631
2473
1283
1702
2732
3031
433
2460
417
2033
2306
3109
2244
2808
2297
2106
342
861
2698
366
499
1094
2193
2705
2384
2968
1630
2060
2772
271
1476
866
2030
1004
2115
2990
1932
2669
1397
1678
2957
2063
2158
273
1954
612
2005
457
2757
1322
1399
212
219
2501
754
610
1307
1321
626
206
2570
509
1483
2990
2301
837
1187
1616
558
2993
1101
844
1084
2699
2620
1507
1224
2224
968
2796
2442
1305
1196
231
597
2072
653
2889
2492
2212
1205
2302
1031
478
1445
1308
2277
3047
301
1666
2903
486
1848
186
3016
663
615
2987
2550
2135
1970
272
1963
1737
1953
1079
123
674
133
1343
1648
467
2973
613
1447
1233
888
1647
3041
2090
2157
536
3005
1955
814
1288
1134
2262
2983
713
859
237
744
1508
1029
676
2760
2531
1886
2088
1877
2079
994
1001
776
2121
1327
2934
2769
1399
1594
2421
1051
3006
359
828
523
624
2651
1536
1747
2501
857
629
171
1610
739
435
529
864
2865
1873
2703
1321
1254
1126
263
1116
726
926
389
255
1672
1362
850
1280
1573
788
1952
2225
2142
1105
1071
2590
1507
175
656
1246
267
1525
1405
3014
681
3050
3107
487
1270
1998
3003
2596
1884
1847
1740
1878
359
1964
2009
1015
706
1909
1174
1060
996
771
2904
1248
1431
339
294
911
1046
1466
2099
1809
2208
912
1161
1471
1833
2988
484
2849
2281
2813
1981
2026
2625
3111
2382
1757
2331
2702
665
1070
1746
2814
2608
1629
379
688
627
648
148
2315
2639
1016
1295
2216
1376
3047
1131
145
240
1328
1282
1988
1559
588
2819
1857
928
3049
1030
1836
294
968
1379
676
1325
514
551
886
2507
2131
220
1583
650
161
1732
622
204
1809
1009
1998
1408
321
1687
1187
1543
812
734
1633
758
511
583
1751
1726
1855
2464
1738
794
1835
875
1535
432
1672
554
499
2204
2778
1104
3077
3037
2377
380
184
1476
2767
1393
1449
2526
1777
625
1061
293
937
2711
1457
2807
2360
1809
1637
2593
1306
1971
1391
281
1064
2782
696
1365
1310
1065
2014
3003
957
1795
1369
2516
2307
249
2308
2344
2525
2566
2580
771
2687
692
2401
3080
959
133
2396
166
1955
2099
1730
560
1895
1430
1745
326
585
679
1963
1826
958
2761
2982
614
772
1543
797
1087
2670
647
3097
2573
490
2795
1093
1003
2809
1683
783
2251
486
827
3045
1194
1489
168
1674
708
2855
1961
981
1618
1438
2921
3072
1795
2427
2754
2773
1123
466
748
1982
688
2283
327
683
2806
557
1106
1757
508
1602
1798
497
2780
1265
932
454
2742
1624
411
596
2558
1992
1697
2974
1397
307
646
882
1077
471
3036
2341
2530
1398
412
2439
2712
2408
2898
1945
680
328
384
2837
675
1503
2072
2888
2091
3062
2754
3040
1454
602
3049
269
785
1398
2524
2551
163
2425
1126
2114
633
2354
2473
155
2182
512
207
643
129
1040
1171
2570
2749
2273
2488
2932
476
2321
2367
1601
776
2123
1751
1199
2294
2256
2096
1174
869
1603
3096
3060
1802
2144
2706
2234
2199
2756
940
1917
2066
536
2781
900
421
2116
489
2213
275
3103
1160
1068
445
2802
242
2469
211
739
1945
2082
3088
1952
2121
1977
1020
1317
2677
2301
2663
2933
2415
2466
2822
2735
1656
1683
1060
442
243
339
2050
1292
2465
1269
380
1270
1147
409
420
2488
2253
1868
435
1073
1763
860
2251
2711
659
859
2104
1402
2912
496
1652
918
2957
1663
1579
1870
1241
1010
414
697
1802
1270
2545
1230
2991
2477
2924
593
2227
1452
1296
1429
1309
641
1582
2797
2017
2714
2651
2709
457
2168
671
2394
889
2531
2684
1353
1729
525
1689
1257
1926
2327
563
144
756
2209
2083
2071
620
2569
1228
2841
991
2489
2945
3066
2805
2798
1977
1761
2116
781
860
2179
3094
2781
2352
919
2485
499
1626
2177
1793
1152
2897
972
946
754
1727
1251
327
573
960
1514
1448
1696
1800
1869
1150
730
1170
2835
1382
1885
2499
970
758
2146
957
1190
2885
712
2704
149
2222
1744
2468
606
856
1172
940
1084
304
1922
1134
220
2655
789
1890
2324
1417
783
1108
2134
1482
1295
2133
583
906
839
2525
120
573
712
514
144
2801
1821
1125
2949
1315
1565
1029
2750
589
2802
1033
303
2687
2818
1614
2553
2595
1218
537
1799
2499
1994
1784
2858
2691
1656
2796
2737
841
347
2928
1880
1642
2179
2571
2768
379
1075
1858
2880
2848
1079
737
317
1017
225
1206
1035
2360
1298
3006
1997
1700
1654
1417
506
159
2147
2877
666
257
2844
662
865
849
406
1544
202
364
585
2414
1367
978
953
1369
2689
1426
197
2533
2301
2439
691
2838
2175
705
2310
2563
284
2231
1967
649
368
2628
2441
1955
2164
2476
242
2853
2741
1389
2024
604
1189
448
2067
751
2356
593
473
1584
1863
737
2274
2779
1901
1672
2740
954
2155
903
2027
1637
1526
1963
2002
2162
1076
2282
528
2342
2797
487
671
416
2272
454
2136
2020
1115
2775
998
384
1215
2014
1784
2372
1419
849
2520
2164
2269
2259
332
1032
563
2162
1385
2855
3047
2782
781
1512
1208
926
2953
2165
696
972
811
2469
1619
2507
352
804
1166
1423
1773
939
1122
845
2052
1795
383
2037
1907
558
1662
153
475
1309
1641
960
999
1063
1744
2551
1450
1926
1476
1027
457
2340
723
908
1877
328
2169
1286
727
2540
2450
1276
2142
1652
714
2721
206
130
2889
1913
1567
769
2173
2417
734
3065
1614
2407
814
1676
1851
1803
2841
880
282
1798
2219
2614
1857
203
680
2951
2042
2363
2148
2458
615
2674
1978
2213
1736
480
194
2524
1964
2331
2633
1496
223
856
2017
1396
1185
2451
1713
1073
1016
954
1207
345
354
340
2844
1712
290
903
1858
2941
2164
1075
2760
1143
950
584
938
3048
579
762
2390
693
748
767
527
1127
1962
446
2299
370
200
1564
2823
707
2528
1829
1361
1733
1135
1777
285
2915
1523
1830
1570
1082
2197
979
2126
1622
1955
2304
2505
2601
1372
2846
809
1894
2646
659
571
1056
188
2657
1628
396
1757
1640
2931
716
978
1526
1636
1542
630
1476
981
2966
2167
1784
326
524
1028
1636
1388
932
2843
2876
839
2085
2282
1067
688
533
2790
3067
2458
259
1408
1807
2562
241
1502
2445
2706
862
1567
717
2172
2446
1061
1033
1750
2417
1309
1613
171
840
166
1772
2437
1977
2197
2545
1777
1364
1119
2264
929
2909
622
2484
277
1779
2505
2450
2324
686
539
3022
907
2411
172
2033
1144
2812
1079
2164
168
1588
1064
1994
2770
363
2676
583
1518
2381
2830
143
2855
512
1977
1341
425
2209
1774
2279
2742
635
417
264
2047
2607
274
202
2509
971
1061
1981
2546
2161
2624
2770
2169
1957
2176
234
3037
347
1969
1089
306
2983
1726
2257
3018
2761
950
2066
963
2881
1737
138
1651
2236
2469
392
2641
1416
2912
562
1055
2595
2482
1552
2944
913
1050
1343
2450
1074
183
1007
183
1692
2834
499
2859
1002
2702
2165
736
2780
696
770
450
1768
1395
410
765
2942
3087
745
589
1403
782
2748
1557
2035
2410
1066
2164
1206
361
437
3056
2886
212
2619
2407
1997
293
1135
566
1540
2953
778
1134
2672
838
1443
1969
2204
1830
2377
1964
1321
248
2662
286
1166
2309
366
1429
840
836
424
1841
710
1165
1302
1155
1765
1694
2221
618
830
1737
2685
350
1803
2648
1207
2198
1876
576
905
2201
2665
2179
1110
1298
3089
2935
2875
1492
2257
1586
2770
509
2932
2494
2959
2534
266
671
1651
2146
1326
1148
2578
2324
2856
3021
3117
270
1481
1828
150
2980
814
2107
420
513
1231
952
759
3003
1573
1566
1532
540
1315
1099
1963
2210
2032
2316
2100
2816
1834
2724
1947
2066
1931
2671
239
719
1819
3032
2437
1755
340
1719
602
1878
2242
2105
1934
2401
297
1420
1637
2568
537
2794
1807
1191
1585
700
2427
1738
2623
3046
2978
2665
2117
512
1807
1920
2049
2843
747
1271
2999
285
2999
573
1731
1770
515
2518
2750
1340
2230
1522
573
2548
1803
2660
2011
1662
619
1616
937
1492
510
783
1851
2137
1640
203
1046
2921
476
730
1094
2746
362
2758
2756
854
499
1329
2172
1536
582
3009
522
2661
719
2050
2185
2058
1276
2425
2596
2978
2542
1611
1597
733
694
464
2427
2454
2623
126
2234
154
245
2970
2698
1173
2357
1004
1282
377
2786
513
439
303
553
1912
2846
1597
2544
360
2809
2178
801
941
1981
2244
1031
1066
1554
744
1262
2655
2872
2692
278
2877
718
1760
126
1722
1726
1921
1539
1459
1982
1541
3077
2946
490
1242
2857
2276
215
1898
2230
1884
1460
2762
2839
926
1988
2573
1326
989
1692
2570
2969
790
1508
186
1896
1931
800
450
1408
893
1604
3091
868
215
1068
1304
1164
1598
598
1442
3085
1631
839
1010
402
2737
2610
1559
2667
1488
1590
131
2944
592
2511
1252
1883
2439
746
775
338
2590
2375
2558
2191
1353
2552
480
2778
1497
726
2165
1243
1615
1814
2110
2745
360
712
813
862
790
2219
2561
2969
1770
1950
2508
1672
1344
917
1599
2348
907
303
2034
1901
706
849
1921
2589
1914
681
785
1688
2765
661
3072
1073
2306
1993
293
3026
637
589
732
3026
387
1116
2062
1852
2533
1094
1817
1511
2113
1057
1110
2759
938
519
2795
2245
2475
1531
2498
2001
3079
2401
1019
299
1916
1180
2099
1682
1827
1177
595
2249
844
1872
2496
572
2457
389
2821
140
1311
2944
2537
2578
519
126
3000
625
1390
2345
2000
2740
2787
1943
1056
334
2893
848
2075
2537
2628
1566
673
723
1171
1246
1080
480
1663
2525
1696
1978
1916
705
863
776
2560
2236
1718
198
2811
1536
736
2530
1381
2660
2786
436
2246
2130
1965
1686
608
1145
743
1718
1570
433
2325
2591
1466
2493
1669
1646
1800
3050
1339
134
2065
1429
702
401
374
2344
2140
151
2697
2249
820
1543
1146
556
887
872
2652
1757
1421
1340
3072
1955
2166
2344
2810
682
1957
1855
2418
2449
1730
1583
2369
2949
391
208
292
2615
1290
710
1118
980
2065
1876
522
1678
2915
864
883
1845
1456
384
397
2610
2780
1096
1475
1071
2713
1617
1712
1421
2094
1624
1030
2215
1729
2616
1050
2319
545
1460
1530
951
1699
1906
1891
2439
1293
1320
1004
1416
2980
705
399
2918
1674
1562
2936
2733
799
838
1849
1763
2650
1818
3097
2216
979
2382
3037
1240
2041
2492
869
685
241
1815
1421
2549
558
266
1934
1166
802
2064
2532
668
2590
1927
1212
1819
1233
739
2151
2516
2980
433
1110
1836
795
1013
2048
2600
2125
1954
2389
931
2062
744
1890
2584
1863
802
240
2867
1915
1949
2440
2478
2961
2984
2147
595
897
799
1391
2328
1540
1703
2481
1916
2597
1561
2499
2480
1022
2156
1234
2301
3002
1447
1942
3030
1898
2919
2204
216
1554
488
1382
3096
1965
2661
1759
2755
1673
1636
356
1754
1983
1075
1464
2834
1588
153
1904
3062
2011
1781
1949
403
1846
238
415
797
1739
1182
1605
2133
842
1373
1272
3032
2157
878
2486
1422
2559
881
2431
161
1044
1211
197
860
675
620
2048
2559
2859
2123
415
2125
2298
671
1763
2016
1191
126
2468
1438
278
2777
2505
1833
1104
1772
127
1765
220
1380
2952
589
246
802
846
2672
2413
1491
317
1644
1553
1409
2106
2883
1482
2698
951
2437
1797
2847
1923
1183
1185
3006
428
359
3037
1616
3010
2962
3002
2177
717
564
513
398
2027
994
1826
2126
416
1343
1559
1173
1829
680
359
2847
456
1112
1639
298
2074
2161
1375
515
2853
3091
2756
969
2830
2896
2330
1602
506
2992
596
1732
1961
1172
2905
200
1428
2250
2101
1260
1644
2584
1842
2575
1584
2859
2353
524
2536
529
385
1389
1236
1689
425
810
2248
253
1817
1142
516
220
439
2483
2626
236
1315
449
2091
2167
435
2842
2242
842
2159
565
1678
1969
1753
781
1997
1344
1396
612
1229
1734
419
2744
2048
346
2430
2612
2416
1494
2012
543
865
1680
2795
2069
2114
1823
2719
1169
2460
2862
1361
2855
829
1617
2199
786
1650
2171
352
2415
2853
189
1107
1867
1614
2249
1415
458
394
2745
1002
1246
1673
458
1523
1454
2346
2963
2374
2856
1837
1090
1568
569
2356
1924
1081
531
1842
561
1598
2475
1570
2441
2199
650
756
2854
383
1744
2830
651
1606
717
163
2641
3096
565
344
2773
1650
2561
1989
832
1393
155
2704
2674
167
357
2939
1832
1423
1998
1643
410
2735
1783
2922
2735
603
1745
1365
2718
2862
3067
1199
1388
3068
1461
1299
2851
2252
1802
2136
1151
2371
2904
710
901
1629
1016
678
125
2248
2590
592
974
1050
423
365
3117
1594
2135
1032
284
285
637
1344
1923
1030
2426
2371
188
2454
1641
949
1001
826
2699
2182
503
796
550
1343
832
1956
299
2067
189
2351
757
2477
793
751
222
1867
2050
2178
1648
2190
2540
1622
2254
1139
1015
1599
2224
2388
363
1045
2658
2954
1019
2091
596
599
2727
1251
1176
327
720
2046
679
2585
2501
794
2534
302
2295
2142
3092
2261
1281
2331
1248
2621
235
1892
2024
2858
2700
3110
2896
2379
403
1521
237
2864
719
2681
1802
2280
1766
742
2414
448
1433
2849
2862
2672
374
1936
1406
1706
2718
520
1416
3117
836
1933
2694
1569
300
1318
2538
1557
2815
335
2816
1121
846
250
2877
2548
1659
2236
847
2865
173
2925
1591
678
1516
2841
2827
2329
1147
1152
2754
994
604
2160
1429
3089
1511
227
1927
786
1738
301
930
3049
704
1642
2926
841
3036
2556
2772
708
1496
3060
202
1887
1490
2331
469
1710
2750
2023
2600
1663
1102
1745
2121
1454
1920
1022
2397
2305
1256
1504
1598
590
1957
2946
1161
2481
1385
2135
2799
1607
377
2845
1308
1430
2757
637
1774
2622
751
1812
257
759
1345
267
847
1371
1094
431
593
2126
1364
958
1532
399
711
757
2961
2455
162
1918
1671
2345
688
1096
2854
2946
1807
1080
1825
2527
2473
1297
1416
707
2134
478
261
1451
295
2168
1854
1203
1706
347
1388
535
2591
463
817
2354
574
327
1958
649
2338
3101
382
2991
1722
2508
960
2231
2296
2063
2282
1688
2222
1550
1373
740
2685
1091
2959
230
807
2342
137
3019
1028
2600
1991
613
228
1668
3001
2302
1726
1975
2398
1957
2880
3047
1497
2326
2688
1118
1120
1813
504
783
1212
2035
2507
160
139
2070
667
928
1524
1057
2341
488
1277
1355
309
1335
2561
2618
2209
1305
146
291
1718
306
830
732
1054
1802
276
2184
2310
626
888
2692
686
2251
1295
350
1985
1585
587
2083
660
2780
2369
929
2743
1665
2027
1723
1839
1646
979
3079
2073
2194
573
997
1450
2658
2835
2325
2773
1457
1682
2113
846
2554
2021
2796
267
2450
690
2942
2311
133
570
2742
2671
937
2875
1123
1995
1319
2784
1407
2371
986
3029
2632
2570
282
2236
2929
1804
1031
2743
1128
2473
2803
1210
2670
2611
158
1972
2453
515
2765
3051
3092
2778
2041
341
2395
1874
2363
253
2526
2211
869
1178
1524
1877
523
1627
2090
1263
513
2892
1784
2567
810
1260
2681
2197
924
3099
1327
3060
2269
625
2281
1205
2100
923
2321
517
2296
2254
2406
1727
281
1929
1900
727
2230
1635
2964
1455
1495
697
385
613
1981
2461
754
451
2538
2034
2818
2127
2226
628
2671
600
340
2561
2020
2081
2098
1124
979
1046
2743
2333
1740
220
2713
686
1026
232
1741
227
2615
2955
705
682
1134
1318
976
1153
1178
2340
203
2606
2261
1963
2111
2808
1050
756
1694
775
1256
1544
1986
2695
486
1990
786
624
852
1469
1829
3108
2010
2242
1593
1746
452
700
1171
139
2086
1356
1526
781
1323
187
1582
2923
381
1650
1679
1208
2042
1874
2535
2928
2500
939
1255
150
2148
2521
2615
2813
2254
905
588
2516
2669
161
2247
1955
1593
2929
431
1272
1091
2787
1799
1938
1499
2856
543
1029
2531
1756
2464
779
1728
902
2038
596
2827
2946
1417
384
1691
2219
751
825
1658
1982
1473
2323
1401
498
680
1693
236
1214
2087
3012
2483
1347
2404
2140
1664
2159
924
2884
1253
1907
3015
305
3038
2953
1712
753
2261
3076
2717
1431
2729
2416
2260
2406
1781
1811
1685
2719
1702
1682
2213
409
1221
578
548
2450
1673
919
282
814
880
2416
614
570
656
1945
1729
1528
972
2356
2383
475
1432
2917
1764
1957
1796
2664
2299
784
2941
1693
2006
853
611
2132
454
2095
436
1079
294
1178
3050
1873
891
723
2264
873
1767
567
1112
2056
767
1801
786
1082
2380
482
3056
675
906
2428
2411
683
1827
919
1285
735
266
1249
2363
680
1956
2528
2285
1495
2366
2967
757
2378
2066
497
2182
1903
311
1095
3081
1550
2685
421
2987
2528
2722
2950
1059
2767
1603
1607
2318
1596
2688
1688
1454
276
1214
2150
1543
1570
1677
1469
2004
1872
919
1679
2916
389
145
1605
2330
588
3029
391
1724
2539
639
1215
1741
2640
1440
2370
2992
1097
2153
1644
1124
291
2588
2015
2915
1166
1964
1702
378
1635
1758
1743
1881
1992
1012
2940
2102
784
2223
1225
1235
318
746
2088
757
1110
1441
709
2186
2747
575
1540
1520
369
1236
1898
2930
2658
984
1140
2747
1460
1709
1639
349
562
2772
478
1815
196
2993
2428
2462
1157
2765
935
1023
342
2945
1532
303
2747
264
1656
2952
1548
2299
2349
1992
625
1880
2745
2952
2129
1969
2686
1408
1757
2004
1716
2025
1207
461
1555
469
2494
1877
543
1667
1086
291
649
1218
1436
624
2010
965
1361
2654
1580
1718
2328
2752
229
829
147
2463
1814
1180
2037
2933
542
871
716
2602
1204
452
473
1534
2580
304
2419
2119
124
610
736
184
2391
1662
2112
2810
2245
1280
2872
1066
1640
674
638
3009
282
1986
2698
987
2673
3015
682
199
2483
583
2463
911
2166
1959
513
1824
1601
996
1251
1586
1897
2229
412
2475
623
2106
1265
937
1257
643
2456
1906
304
417
2993
579
2692
629
1180
1506
2232
610
1862
509
2098
246
524
1356
3064
2872
200
1372
627
2653
679
436
2816
1123
415
1982
2024
2920
2422
1858
1279
2987
1511
1142
1341
1272
2716
1234
2210
1400
1400
2099
567
1029
1756
1179
1020
1856
1885
656
484
2442
2450
1966
2688
1412
541
1103
2413
1400
493
2208
2734
3086
1785
570
3066
399
2999
2670
1777
2250
2942
1896
1202
342
245
824
1172
2135
1619
2624
304
1618
584
862
811
381
827
530
150
700
2402
837
802
1488
2492
1788
2516
2609
1839
947
655
1710
1340
2636
1745
2080
2296
970
824
2317
297
2082
3085
2174
2656
2798
2754
832
2450
1136
2455
948
1628
3093
3075
135
552
1190
449
195
1807
2885
443
1800
2762
979
2138
1200
1412
1898
1984
920
1290
1494
3047
1549
472
1785
1263
2858
2544
729
2296
1840
1567
1325
1487
1637
814
2355
977
1121
2744
2087
3112
849
143
883
734
2827
1497
1872
1079
1578
2127
2454
1678
795
2742
2036
381
1430
2500
2388
1889
1760
441
2118
1928
489
1613
689
2807
2093
1909
311
1108
2460
3066
2029
1692
440
348
3011
838
993
408
2096
1420
1111
719
2799
2895
2497
2906
2128
1372
2351
1480
2261
125
2626
469
2816
825
836
2316
2067
1688
1710
253
816
359
2291
2036
1402
1785
869
1570
388
1742
441
210
2114
192
361
2150
1557
767
3096
1718
943
2480
2078
2775
250
722
2248
2807
2199
2153
2647
2348
2151
150
2654
1167
1872
2723
2432
1376
442
895
839
2937
1818
883
785
1660
310
2759
2642
392
2336
540
2676
1291
440
2914
3050
2715
637
2597
1035
952
1299
1310
2654
2407
942
2533
3078
207
946
3005
921
1163
853
1447
1882
2654
275
2877
2957
391
402
2093
935
2314
2623
2952
1230
3090
1333
2028
565
245
234
455
147
1302
626
756
1511
2157
2215
350
2237
1630
1257
208
2032
2056
2249
1130
1485
1027
3035
2503
1364
2816
1979
2407
696
1546
1412
2634
2593
472
190
1540
500
2248
449
509
1735
1461
1090
2150
123
1639
718
1326
1642
2068
2912
1439
1776
1823
1137
743
330
1506
1157
2169
2249
2320
2429
1332
1760
2615
3117
3041
2208
1356
2826
2592
2214
1744
818
1794
1443
2901
2418
432
261
1529
257
978
2155
1523
237
1090
1012
2068
2575
2810
2954
847
1116
2840
939
1012
1037
2036
1507
872
2537
3058
448
922
1037
1829
322
598
314
2098
957
2022
737
553
141
1641
2748
237
1367
131
2765
475
1049
1902
503
403
658
2290
1722
311
2090
2603
2618
2093
2483
2835
397
1035
831
3095
1510
1470
1642
2803
238
1658
1853
1858
2660
2248
724
1635
1768
1475
1190
516
141
568
1711
1213
1712
811
2747
1203
2469
303
2035
803
2816
1612
1925
450
795
2315
528
588
1961
1880
451
700
1883
2612
2834
1488
1729
2545
2633
1979
833
2814
2323
2855
1951
1513
1368
2822
2513
138
411
1491
1416
2143
328
1141
1899
679
2837
1254
2454
3010
2997
2081
2472
495
2755
1355
1440
1679
2430
2720
2905
2496
1337
2340
1481
595
1567
276
263
2233
269
838
2970
1916
2941
2469
2157
718
405
2540
2792
2180
705
672
1402
712
1799
2331
2083
767
1650
1945
2967
781
2231
1033
1113
2591
1833
2528
1688
2150
2962
2897
1389
1972
678
1034
680
1125
2319
323
1779
147
704
2409
1692
2996
1754
2045
2748
2641
2075
2013
1781
1135
575
510
1838
1375
868
2997
2445
1472
880
1831
520
156
1762
2046
841
180
1850
2244
2730
1716
1551
2930
213
1202
509
1791
2534
1217
719
1618
668
1594
1668
1718
2006
1737
1761
632
1848
3103
750
1264
2286
979
3026
1773
324
2747
2467
2688
2241
2237
1308
1801
2944
1996
842
474
1621
2592
858
2599
2750
1403
1052
250
708
695
440
554
1021
574
566
306
243
1661
1539
1893
3069
2127
2614
2103
1633
679
606
1155
2023
1986
821
490
581
247
141
2324
2122
1249
826
1769
1786
2132
375
2879
972
2830
827
2813
2807
1511
1923
460
1626
2474
280
1598
840
994
521
1364
313
955
641
1960
832
714
1888
2558
930
2390
1108
522
724
392
468
1290
418
2457
510
3108
1756
1493
1940
384
1587
1098
1125
932
2255
734
2370
2664
1689
123
823
1316
745
562
1987
2881
2280
2636
1425
670
1292
703
989
1938
940
2355
1040
2782
2180
2357
1520
1277
196
706
3100
2614
2188
872
918
879
1620
1127
2999
1073
2009
1437
2162
2318
1739
1497
2374
1341
1855
652
859
1064
852
1882
267
1608
2544
943
123
2852
127
722
2387
760
163
1457
1959
1590
2837
2819
525
203
676
2115
2897
2025
372
1511
2054
2796
2711
2888
1137
1527
1389
2604
2515
2927
1612
518
2912
590
2228
1826
2590
1300
523
2047
1773
984
1942
2630
516
1542
343
1228
1638
1290
2444
2696
2479
1855
310
1431
1705
2630
794
3015
1961
185
1258
2666
1072
540
2431
147
2583
297
2154
1004
566
1184
453
1197
870
215
2748
1489
610
2677
2101
491
3102
1115
224
2514
2307
296
2950
2335
1203
1992
850
295
1052
2231
2735
1026
2821
2902
1634
1833
332
2243
3076
2323
1372
2358
2749
2133
2936
2682
2854
320
2903
2043
999
762
1601
1010
1690
1408
2650
775
2211
1805
1317
2475
1322
404
1700
1271
1397
260
683
688
239
1215
2728
631
1822
755
140
2431
355
577
1110
1642
402
1910
668
1820
2251
1978
159
530
2182
1259
1670
1266
153
3023
1433
126
1035
1403
2787
2807
2978
1745
2687
3008
445
3026
2290
2197
1599
3036
2984
1544
1116
752
3046
2534
241
1976
704
593
2883
1362
2221
158
2753
344
2960
2193
2815
426
649
736
2492
3077
2327
3045
2554
951
156
1792
1741
2408
1500
3063
496
1717
2100
2700
212
757
1524
1614
2644
309
2898
891
968
1786
1105
2048
538
364
1427
1282
2469
1986
2540
2302
2255
1505
2198
1732
496
3074
278
767
2831
2548
1052
1580
704
415
1845
2147
1873
1236
1314
2527
2750
1920
2776
1726
2012
2732
264
2975
2854
154
3120
2227
2467
2904
544
803
2979
1850
887
2151
2544
1471
382
722
2364
635
1239
225
1152
251
2612
707
2631
1624
891
638
1608
1227
2789
959
1040
2640
2051
1740
1572
1047
1482
1903
1021
1075
1776
626
540
1572
1381
2688
2223
1513
1443
987
1960
2737
2973
2375
1180
1451
2423
1016
644
2706
1277
2964
2784
1334
216
2875
2913
1937
2355
935
3013
1477
1468
3086
1965
1989
1617
1154
1802
1899
1934
1861
1449
2659
2982
3099
856
1193
1318
1944
2805
569
2811
2877
500
2193
2901
860
2469
2263
1330
2863
704
556
1180
756
1352
3029
2109
2325
1796
2608
2242
339
2032
1771
482
1313
2609
550
2555
522
2408
1263
2075
2072
1865
2336
1653
2204
1758
862
1758
2731
207
1306
3007
795
1554
3079
993
1582
347
408
1400
2008
1241
967
2551
2701
2855
3031
2373
1910
1759
1664
1450
428
1707
2503
1059
2869
2651
1700
2970
553
2487
310
794
2055
2090
3076
2561
2721
2785
2329
1496
3061
2075
2840
1624
1905
764
1166
1364
2176
283
2117
2464
2530
1466
2801
165
1122
1426
1525
2473
1509
1623
1780
721
535
955
2229
1876
1881
1468
1138
483
1301
2472
246
2167
1815
2419
2080
2574
3072
2360
2933
973
959
2904
261
2356
128
2060
486
2414
2776
2869
3108
869
756
1902
2145
1638
3040
3108
275
2824
1840
3005
1440
981
3118
1756
3076
1624
241
600
732
2628
2075
276
1065
332
1333
2526
444
2608
2549
3058
2061
2995
1328
2181
1868
1139
2097
2337
2161
994
2160
596
1308
1210
771
1821
585
1319
3032
931
2368
181
1932
240
2827
607
2683
484
2918
446
1905
2238
1018
2209
2617
3004
2647
951
2636
211
2691
761
1251
673
2140
2717
3119
2225
3100
1383
883
1984
262
2781
3093
328
2740
2290
1152
2606
984
1687
1626
2152
2970
1128
1429
1647
1778
1582
2017
1909
1259
2283
1217
2117
2754
879
2030
125
2401
832
1406
1961
416
1481
264
2887
986
833
2885
644
1267
1135
390
1482
1703
798
2063
1228
2712
1428
3023
974
2611
2796
2152
1527
1541
341
574
784
1573
1048
2579
2811
2454
1689
1532
726
2593
1580
1955
1929
884
1433
1832
2257
1974
2500
209
461
1332
2689
710
1530
2712
1655
1086
511
770
385
1891
276
1854
2057
338
1791
2501
1342
1943
253
478
1541
1658
1797
2007
1417
2571
2821
495
2610
2201
1896
3070
1823
1534
2385
1234
534
1255
3087
2094
1335
1047
2292
2668
749
1727
2260
387
989
177
793
410
1726
123
774
1816
477
163
876
1032
1835
2233
550
3101
329
2684
726
1528
2494
2801
2641
1396
669
2069
1214
2482
783
191
1664
1288
2333
2523
1003
2845
2680
1798
505
2647
997
2621
1899
1999
1166
833
1840
3040
1997
1714
482
2092
2181
2008
798
1378
2571
707
2567
2210
411
1578
2137
253
3009
2537
1810
2339
2600
2587
1212
1637
2795
2966
341
2264
2633
374
2059
1705
239
970
1910
2849
819
1954
1473
1418
2821
1928
1230
1912
2570
1642
860
2412
2797
1051
132
852
3005
2981
911
787
1196
285
1041
1528
2759
2352
1461
1875
779
689
263
2300
1466
2951
153
1244
1857