500
87
68
94
20
27
28
55
15
64
46
26
53
33
67
57
11
86
75
51
9
10
40
36
93
51
7
33
53
3
77
58
75
83
56
81
87
20
10
83
66
34
5
54
37
11
85
83
41
79
87
96
39
48
7
82
5
33
17
82
41
7
8
18
77
14
4
81
89
95
79
96
39
84
80
87
18
51
100
69
23
67
77
19
33
93
61
62
9
83
22
39
84
45
46
66
45
40
60
25
100
5
19
92
71
77
7
65
27
96
77
33
67
68
67
20
99
73
53
58
49
2
54
60
51
37
47
81
44
18
4
70
60
16
62
70
79
64
31
75
85
82
25
27
85
37
76
38
27
52
6
4
48
34
15
65
37
39
73
99
85
24
27
8
1
5
9
22
69
4
96
90
20
42
100
45
58
55
52
52
37
8
47
87
73
88
46
96
95
65
92
82
98
99
83
63
10
99
66
43
29
52
63
78
67
11
83
71
98
96
61
29
5
76
48
23
63
79
76
85
38
43
14
72
5
55
98
90
74
62
45
79
49
61
84
64
4
27
34
73
44
88
15
83
5
17
41
97
71
27
50
25
30
1
47
95
45
57
85
67
38
5
61
91
17
48
40
64
63
48
96
15
62
64
82
68
84
56
58
2
32
50
52
43
57
26
54
92
63
1
88
82
5
79
93
45
35
26
86
4
98
95
65
7
32
33
98
13
18
5
61
47
30
22
75
74
34
33
52
5
22
8
35
56
35
41
46
64
96
70
63
96
84
37
23
86
85
32
21
63
35
61
22
12
62
37
26
52
18
70
5
47
58
55
33
80
22
34
14
42
74
78
95
24
52
25
62
19
3
20
74
9
14
49
56
2
29
5
69
62
28
78
15
64
83
49
75
36
62
28
35
16
8
69
14
44
71
89
15
61
59
19
93
2
42
49
91
60
80
63
93
40
3
81
26
96
39
81
41
69
92
97
16
24
80
54
40
83
75
14
46
96
81
7
39
6
50
71
94
40
54
38
6
21
18
10
84
47
16
92
47
21
35
14
7
96
48
87
5
90
92
35
39
34
84
81
39
28
70
21
6
71
68
61
28
92
75
19
99
36
19
76
42
37
18
29
82
17
54
28
99
99
55
81
11
65
81
39
11
90
71