100 113
4 366
8 438
25 315
27 60
38 192
56 339
62 4
65 89
70 54
72 440
74 268
82 270
106 272
110 341
124 352
125 244
127 155
132 278
134 132
145 134
147 398
148 102
161 4
224 491
233 382
244 249
262 492
268 357
277 73
284 493
287 63
291 171
299 413
306 156
309 319
318 155
336 311
337 229
344 104
351 144
353 125
363 333
380 93
381 206
402 163
405 275
419 66
421 219
432 95
435 172
437 374
443 323
447 369
454 121
478 134
486 115
488 467
511 31
526 348
531 391
558 414
563 135
569 283
570 216
580 234
590 355
595 451
598 102
601 455
617 75
625 473
665 404
688 429
693 241
695 201
706 457
735 253
753 480
757 82
774 193
818 252
842 351
856 225
857 109
870 293
872 17
880 493
911 39
912 38
922 405
924 187
948 118
956 38
959 217
966 329
976 456
979 419
984 440
986 333
988 469
