5000
535 389
796 17
815 45
951 615
368 467
959 404
256 367
669 918
620 636
579 813
769 826
718 877
753 487
737 771
551 872
122 399
383 275
172 948
468 510
778 327
233 893
784 566
298 475
403 836
271 558
219 931
5 426
574 267
356 573
198 269
523 846
265 460
231 967
638 253
656 153
242 810
58 901
450 940
634 941
370 164
112 916
49 636
126 504
457 683
256 430
393 748
136 325
860 478
703 291
27 996
758 665
757 627
952 34
31 818
83 461
867 276
910 531
204 159
91 237
709 965
70 612
29 368
178 150
252 987
286 521
383 88
635 666
535 146
431 619
443 273
866 396
368 398
220 675
882 875
247 529
243 630
682 124
874 44
782 341
673 750
734 631
220 766
711 432
864 381
560 505
487 926
950 655
349 21
921 611
827 850
888 414
245 589
568 637
379 700
399 462
948 576
134 897
624 660
765 618
367 658
566 850
354 643
839 250
830 967
376 144
880 634
21 456
775 863
187 852
449 856
234 144
841 539
484 603
901 713
43 706
479 599
322 121
121 786
529 60
73 119
133 805
823 694
901 258
185 771
636 125
227 879
243 702
946 446
47 112
525 412
425 316
249 509
315 43
412 544
238 911
326 582
169 964
67 147
557 563
726 828
339 921
904 301
734 24
959 817
501 330
557 877
404 634
347 127
569 888
657 432
238 413
862 825
355 519
867 202
624 683
170 827
845 850
782 364
185 215
895 914
445 830
42 664
68 870
246 965
215 276
646 362
625 425
220 41
597 466
513 365
836 481
501 448
959 979
805 726
155 480
117 302
354 189
46 588
272 801
184 301
363 401
74 998
731 827
866 879
229 347
671 100
510 551
385 552
836 495
881 325
39 64
635 571
206 284
422 924
511 90
198 774
191 258
751 525
910 771
636 204
224 337
290 186
534 598
163 287
873 667
434 52
380 399
497 426
789 214
826 521
283 259
916 3
673 106
652 294
582 779
710 758
686 751
907 743
668 234
552 108
799 11
186 850
737 925
533 790
224 209
503 945
903 13
228 570
385 103
338 478
227 948
502 799
157 74
259 85
899 968
498 331
189 407
137 817
262 917
464 986
827 899
320 539
157 859
164 85
740 90
300 392
499 527
493 46
886 485
83 98
320 373
157 744
125 12
667 243
372 974
430 232
883 707
146 863
595 247
471 787
207 253
186 34
373 872
195 412
777 632
195 699
565 868
352 121
233 523
514 108
106 717
332 573
364 555
63 489
740 14
377 64
819 998
143 706
439 473
920 169
310 266
325 15
276 882
234 355
490 14
42 239
455 956
74 945
539 702
935 308
775 292
517 332
960 814
72 498
366 855
99 71
558 950
784 761
959 83
341 276
324 825
834 568
538 892
822 358
107 734
770 979
788 53
741 984
384 493
81 651
189 236
237 371
402 586
925 38
226 427
644 81
916 396
349 405
57 950
15 922
236 981
448 218
116 315
318 67
205 82
198 598
172 212
354 236
591 208
817 787
218 158
497 833
344 690
306 260
128 353
775 558
788 337
327 28
1 605
109 956
426 455
417 118
216 106
254 666
564 363
702 793
780 431
526 298
196 904
611 146
90 148
858 929
822 468
654 399
420 950
836 223
207 275
222 459
151 481
630 864
951 192
101 162
905 100
98 341
627 928
557 502
75 875
585 765
263 105
94 603
284 586
647 461
760 776
138 133
825 52
56 838
656 495
139 680
48 260
271 189
911 377
471 272
749 919
432 734
540 664
785 913
60 326
197 793
280 734
921 653
401 36
870 794
824 354
753 247
886 724
486 576
264 423
879 581
99 838
30 492
669 334
19 385
741 548
516 245
92 318
649 118
950 810
26 791
353 931
921 364
843 110
371 121
546 137
518 144
390 70
732 809
899 856
411 275
869 145
84 943
340 685
81 896
790 993
501 203
101 832
445 232
117 569
57 232
918 977
744 485
423 301
384 962
275 602
775 508
238 896
905 399
375 854
714 427
401 849
438 790
325 859
387 165
0 697
806 870
753 494
760 884
851 352
782 986
153 287
107 328
25 678
422 152
720 197
907 491
463 709
145 333
520 897
256 490
116 365
535 678
24 392
429 81
901 563
860 787
578 610
777 894
611 621
671 702
346 525
960 555
708 114
252 149
243 611
865 239
351 175
470 621
385 537
119 999
181 756
450 102
46 791
95 141
542 223
647 656
622 89
369 743
914 736
367 197
289 630
63 141
858 520
144 62
27 264
755 214
669 626
137 144
303 733
58 358
388 69
347 420
919 585
96 909
882 921
383 688
309 720
926 107
75 624
261 922
521 136
175 199
711 814
767 572
956 99
512 413
640 556
812 510
253 683
938 726
573 79
768 994
55 545
141 556
279 426
730 780
682 601
908 522
226 177
719 864
162 939
182 30
617 430
443 266
294 43
393 341
595 515
584 245
860 419
390 633
282 707
586 437
637 790
597 258
862 417
245 146
438 480
325 712
577 682
421 627
39 417
751 661
880 219
90 851
284 58
245 592
350 111
177 301
82 899
872 670
284 546
395 505
580 825
505 275
194 902
385 620
148 369
423 312
894 890
460 594
371 856
699 221
731 817
140 67
506 390
215 962
247 262
204 433
469 381
839 130
444 546
527 679
456 13
458 960
400 226
164 460
462 98
890 726
66 979
452 376
71 529
806 635
273 782
167 663
142 6
960 292
165 464
487 215
687 605
769 757
822 523
182 922
878 255
121 553
56 87
508 689
644 479
70 748
706 71
384 51
841 576
711 304
576 763
437 943
153 463
904 90
153 106
31 653
908 20
213 658
638 114
785 437
51 355
311 169
807 107
489 906
470 947
454 583
1 917
788 867
803 122
639 37
586 625
446 463
73 494
12 568
732 677
77 393
713 236
497 726
7 895
567 619
298 688
288 97
669 158
486 587
864 932
415 357
599 443
568 155
696 544
160 761
434 59
587 323
734 699
552 975
288 284
81 30
831 681
354 920
929 972
641 979
759 69
269 524
501 181
891 231
721 40
255 976
442 777
672 343
82 318
562 917
595 687
381 132
510 729
13 102
123 266
840 284
665 769
840 836
40 280
423 742
778 633
902 853
289 686
239 460
80 932
856 324
240 960
550 172
356 547
502 856
441 556
323 418
947 353
956 701
230 451
168 441
904 562
206 351
255 852
296 855
344 682
450 372
845 293
633 831
339 19
165 34
376 349
95 792
89 306
404 785
340 213
637 379
551 953
781 291
444 44
219 344
822 426
403 446
876 140
895 205
556 213
914 283
739 397
72 582
152 7
595 462
144 378
629 419
163 227
741 326
160 71
15 792
221 125
110 356
841 168
753 666
478 328
285 385
377 997
561 974
17 910
616 768
186 600
895 707
240 947
31 762
660 768
282 133
87 576
824 962
426 178
902 13
733 166
240 821
177 878
438 17
181 439
789 210
126 244
537 981
477 948
224 445
740 751
42 632
253 563
132 625
142 607
809 11
113 139
488 871
534 832
200 831
84 998
421 915
83 200
303 872
98 397
312 734
266 716
804 926
75 407
252 625
314 15
612 787
345 396
795 161
830 367
111 596
237 785
897 264
229 229
872 521
791 780
626 14
483 933
927 983
367 344
573 244
679 552
465 690
775 261
500 966
904 331
376 611
92 596
386 898
831 220
460 744
880 620
436 338
790 679
448 157
865 712
797 553
910 145
320 176
522 534
695 472
781 613
946 177
426 769
660 250
760 60
896 817
229 2
580 266
795 715
450 504
954 68
380 299
803 60
724 574
245 726
472 565
463 490
159 363
424 287
647 5
636 167
203 101
707 862
891 238
670 287
506 343
399 207
71 272
329 93
271 415
306 884
154 116
350 314
870 89
230 394
28 535
720 23
614 654
834 337
316 581
805 737
540 381
130 350
103 324
340 800
219 856
418 692
261 450
457 653
645 975
400 735
750 417
451 660
150 747
902 739
650 954
46 579
355 452
444 781
873 706
712 951
637 581
631 228
771 892
857 874
521 440
209 216
64 568
846 611
669 206
260 85
452 495
431 359
398 711
728 934
777 719
527 293
0 687
799 626
918 304
856 855
41 350
674 553
92 193
646 612
638 604
887 394
929 293
283 985
934 646
782 934
447 456
192 51
34 619
354 814
493 733
358 573
394 23
566 674
198 581
361 187
766 771
499 585
257 677
228 873
796 216
149 784
533 236
708 542
134 149
390 88
400 378
696 90
516 77
236 776
437 798
913 407
905 394
823 430
349 445
197 50
7 211
736 959
187 893
368 617
557 251
345 872
673 176
676 552
370 15
319 164
210 201
124 173
24 626
241 798
260 613
318 11
898 245
96 838
71 594
513 230
908 110
454 624
391 28
134 171
38 882
929 273
349 974
792 828
324 338
567 662
747 17
628 863
95 535
832 476
625 989
48 951
289 918
162 172
477 270
591 763
657 658
478 327
736 631
640 587
150 54
758 347
297 414
505 66
269 33
938 376
741 930
375 740
453 228
477 668
789 110
161 617
926 434
525 473
230 347
768 667
241 81
945 224
407 887
349 906
224 671
265 712
100 569
227 799
42 502
447 361
766 297
69 705
114 84
224 113
571 159
670 681
367 451
582 640
99 932
129 322
958 257
370 467
128 151
839 857
498 432
832 128
852 846
378 588
449 847
68 14
294 841
504 743
483 422
708 447
193 181
579 56
599 532
832 408
848 221
504 942
467 768
802 532
610 714
869 704
593 960
938 309
661 668
920 179
318 709
187 236
910 592
311 124
728 533
168 176
1 79
303 87
677 120
530 442
875 823
25 817
694 496
386 658
140 728
914 648
10 284
103 314
708 879
434 972
672 497
745 815
565 688
219 858
733 147
192 730
804 926
587 295
336 247
939 906
112 478
776 946
627 94
515 821
108 549
234 853
281 234
403 362
664 221
136 644
895 952
69 327
405 219
444 95
201 536
844 226
119 872
252 414
288 972
174 355
278 277
939 977
566 902
180 870
927 221
211 155
490 589
252 293
676 936
600 61
342 415
498 632
472 680
681 372
293 195
348 393
139 814
936 916
644 535
83 802
406 263
130 152
122 238
503 235
157 845
10 517
513 581
366 532
920 302
912 383
832 776
210 336
9 267
104 305
225 779
571 636
636 643
514 622
476 892
778 213
860 874
156 943
631 454
318 682
248 402
641 745
610 793
306 583
911 38
444 885
35 155
835 87
622 336
117 602
659 871
66 602
720 538
917 383
836 728
481 400
586 801
559 340
386 700
938 895
427 331
753 439
347 630
546 367
915 449
24 673
845 647
535 864
204 133
0 804
855 494
842 370
703 459
456 699
671 567
833 579
486 855
759 260
579 136
80 622
389 97
462 65
515 495
310 792
206 312
70 999
218 708
420 57
436 745
318 189
168 326
486 652
519 905
645 20
819 690
761 155
897 428
841 13
728 402
527 815
292 572
602 146
103 235
68 165
172 279
604 87
177 298
172 800
309 962
569 349
345 446
575 917
528 192
632 968
344 497
514 639
240 94
956 348
878 26
751 685
612 445
636 454
913 169
479 404
949 494
79 271
196 705
330 791
664 866
896 291
328 696
744 954
693 530
784 883
435 23
163 63
262 463
415 305
939 637
744 210
282 58
954 883
384 590
657 345
759 365
188 201
680 474
587 8
756 833
926 866
865 391
153 678
81 772
357 322
859 920
336 446
696 409
388 915
413 77
6 345
862 623
497 388
174 909
142 98
110 187
215 32
592 443
540 51
404 552
725 736
333 637
33 775
715 664
486 375
175 422
424 480
406 49
907 173
280 916
132 452
587 461
959 13
353 149
607 874
142 545
910 980
343 326
811 115
663 815
561 171
901 596
832 644
131 518
354 23
135 696
474 913
258 224
55 98
67 616
563 45
545 879
163 557
172 902
6 311
620 287
111 856
547 300
636 531
375 482
439 669
451 306
944 950
126 590
901 436
352 966
533 773
334 995
13 129
756 556
413 311
877 73
888 391
337 507
142 888
394 92
727 717
520 431
518 495
431 311
945 391
295 486
832 292
0 230
709 299
193 978
146 955
750 830
552 185
871 312
569 199
753 375
420 575
248 983
379 697
38 530
254 312
387 519
803 857
62 346
314 606
277 854
200 840
453 912
860 694
62 439
822 568
428 472
741 182
851 830
564 358
745 488
227 807
459 607
17 890
478 312
691 69
521 654
896 642
250 887
392 987
832 577
125 790
575 561
700 756
61 881
121 149
472 531
641 864
207 195
298 124
419 670
800 272
690 500
251 757
943 319
462 9
29 677
361 226
516 536
693 157
920 497
106 399
858 573
880 554
395 243
939 428
202 554
152 620
825 233
676 887
726 574
492 897
218 587
382 960
437 814
0 612
561 309
432 84
487 474
619 710
58 834
270 635
623 45
390 443
176 40
342 905
747 393
945 502
741 253
18 607
269 489
358 478
753 853
317 804
6 173
487 397
317 130
848 154
346 7
493 603
413 975
655 213
788 849
262 614
605 997
364 66
843 747
359 986
697 632
528 90
372 327
270 945
514 632
320 157
86 335
315 84
463 828
104 962
251 436
937 476
57 6
460 477
201 774
894 901
652 998
503 709
492 41
553 557
508 226
570 671
38 854
128 516
259 4
456 310
234 434
758 234
181 503
862 657
487 31
310 636
51 257
790 297
422 788
695 57
500 474
36 870
893 827
189 848
208 227
495 275
885 989
387 57
109 465
150 900
15 544
17 576
820 649
574 213
672 197
406 467
593 480
509 134
208 638
470 863
530 105
932 287
86 326
159 117
278 166
886 884
352 285
481 82
575 708
891 103
544 435
887 51
542 592
674 830
19 192
405 771
921 726
939 898
221 13
586 512
614 838
740 662
580 202
491 826
845 122
361 971
503 103
29 491
845 330
258 488
410 419
641 382
342 312
101 579
61 387
67 782
642 354
668 49
884 571
428 118
45 881
424 780
536 718
543 393
111 256
614 910
942 520
319 713
36 518
800 643
226 116
426 661
592 302
635 948
629 993
328 204
952 821
383 784
663 941
561 166
403 857
807 716
850 54
615 727
849 148
104 608
682 370
361 983
642 709
145 219
723 6
190 866
844 58
599 164
15 617
106 239
731 406
850 184
455 329
884 853
681 457
133 736
681 766
151 600
85 236
10 251
609 634
200 803
513 734
898 73
540 640
396 141
882 610
947 391
800 474
626 580
819 679
499 992
714 594
902 756
616 834
394 389
154 492
913 248
7 737
381 505
388 584
206 14
909 884
354 118
87 521
898 260
634 885
314 32
376 470
293 844
326 561
369 717
810 780
362 167
469 288
433 2
45 594
386 29
13 264
38 120
724 372
783 206
548 300
329 582
930 995
401 792
830 41
410 374
741 574
941 606
724 516
237 759
594 842
186 653
501 200
543 217
164 890
69 841
511 195
915 93
442 652
859 241
870 984
382 721
10 755
778 658
796 375
18 165
46 812
512 420
139 257
340 128
843 736
755 415
585 508
716 16
846 459
460 954
771 982
447 777
104 705
648 296
733 991
741 272
538 304
758 570
827 157
715 465
425 90
34 262
570 217
195 206
907 460
278 983
391 53
259 371
918 424
96 207
891 924
799 739
186 554
898 563
348 79
793 74
175 15
120 534
106 496
764 843
278 973
789 117
486 307
655 63
282 539
884 705
114 70
748 551
288 364
793 321
796 627
577 539
599 159
173 354
6 223
149 718
136 80
816 252
128 908
781 944
662 668
311 633
629 178
230 261
738 396
418 800
114 439
795 886
959 732
456 29
785 850
25 148
74 236
311 690
486 200
542 702
671 559
602 171
727 181
113 974
154 532
231 165
447 100
309 847
486 372
952 396
602 874
54 56
880 107
198 204
41 449
959 827
245 91
935 770
722 655
660 795
687 568
221 25
318 237
814 416
512 864
605 678
680 107
719 28
669 940
949 133
612 531
586 775
121 64
488 972
735 8
675 848
529 436
315 501
461 93
4 189
144 92
57 666
311 963
79 452
799 727
174 649
325 904
577 497
271 524
18 763
900 300
182 44
6 607
399 38
835 882
438 190
8 982
731 75
854 110
66 512
54 379
297 893
873 370
180 109
352 466
953 72
626 998
411 795
397 635
561 487
196 439
880 781
186 707
953 199
959 716
282 0
777 566
574 943
291 672
324 510
126 363
599 428
386 340
230 601
143 907
407 995
792 548
579 548
327 38
144 401
232 263
263 667
880 995
515 62
771 95
125 617
828 77
840 388
114 140
656 289
785 624
859 602
495 130
478 604
806 197
740 636
704 329
469 558
39 438
873 181
141 137
47 584
837 552
921 902
777 374
814 807
592 204
88 488
587 417
17 636
570 18
8 182
288 761
836 336
525 446
570 906
642 941
628 603
562 920
889 37
603 827
603 313
116 336
797 798
259 320
171 523
369 856
226 352
587 849
447 926
198 419
845 328
643 966
412 523
753 486
460 415
837 892
788 757
802 215
419 692
490 726
478 381
444 994
798 361
654 703
139 650
687 541
914 277
338 702
871 674
544 775
896 744
499 609
217 405
355 831
747 650
848 127
827 477
196 50
332 99
796 371
193 16
522 905
813 60
730 828
791 141
701 720
956 408
208 416
46 152
818 114
287 629
466 344
7 146
635 978
370 584
427 529
709 481
253 980
438 950
725 926
184 161
923 475
62 524
522 235
869 475
926 337
235 907
333 233
258 508
660 414
495 887
193 107
398 71
119 748
730 354
106 810
348 580
569 606
240 779
501 788
661 306
429 824
337 91
553 52
943 815
576 199
839 554
933 446
118 286
22 11
412 329
360 656
658 581
668 982
847 939
220 886
887 912
257 967
363 455
575 24
476 676
395 498
759 250
60 602
568 200
850 679
907 250
583 736
219 454
903 672
745 527
382 481
70 885
718 60
17 723
495 675
318 262
135 595
428 399
310 72
399 792
924 30
590 309
168 279
69 30
927 816
847 160
456 917
935 376
134 95
192 330
589 110
425 877
796 688
952 109
373 693
520 376
206 45
793 421
462 743
342 259
600 610
244 911
332 174
213 661
304 396
272 278
248 654
207 248
802 385
320 98
357 431
420 672
72 472
439 942
4 36
126 238
312 52
763 735
729 484
603 607
652 475
489 218
10 259
9 370
136 758
776 81
64 648
931 412
225 161
699 83
753 211
735 325
952 32
121 449
676 938
885 999
886 891
322 839
160 459
530 522
748 726
892 174
545 854
388 180
444 66
918 889
653 797
768 66
740 675
478 816
574 870
124 962
628 221
63 691
374 397
698 569
532 167
642 174
714 758
681 111
502 319
550 717
715 818
714 696
839 394
721 472
813 441
294 781
668 51
407 113
537 557
284 934
215 850
73 549
253 953
821 636
489 490
240 896
793 972
596 942
605 598
788 229
905 618
923 326
126 718
253 765
142 619
474 166
475 404
639 366
583 735
351 481
350 979
286 342
537 542
638 883
564 902
324 324
609 671
760 94
582 586
953 862
490 750
855 708
896 345
840 992
641 38
520 925
577 815
429 88
707 31
554 50
391 819
408 557
136 991
665 745
500 962
199 926
940 20
674 981
733 958
159 308
957 346
273 731
7 452
731 744
556 36
819 421
685 955
727 436
439 483
463 15
419 284
496 770
631 247
766 726
256 918
715 604
112 791
624 487
924 881
489 445
142 428
664 132
440 593
157 451
819 991
24 408
717 510
538 643
878 195
47 486
580 843
942 996
719 84
239 587
317 378
648 480
913 624
319 233
373 96
512 442
13 994
283 624
840 704
444 200
394 91
296 367
940 766
184 504
72 852
924 101
707 654
645 661
124 548
483 783
157 181
792 808
232 106
540 40
867 322
863 273
949 377
678 86
207 767
561 256
321 481
792 771
458 367
427 546
577 656
466 773
39 809
740 368
765 96
152 733
86 924
345 910
820 963
937 290
249 396
831 604
520 636
655 703
187 803
330 652
473 777
207 212
566 48
953 744
936 333
278 130
821 860
960 18
417 976
632 181
703 81
236 935
528 532
469 338
173 174
480 599
334 473
490 389
621 475
148 262
471 65
270 754
313 921
132 148
611 724
160 519
630 983
855 27
267 463
931 718
951 860
270 522
88 140
552 548
828 354
557 345
835 160
455 927
345 822
850 565
336 85
877 575
269 18
908 248
499 295
680 725
640 503
869 247
811 371
273 771
68 580
817 352
361 217
884 745
635 17
179 942
644 522
756 475
314 731
751 956
558 541
239 954
217 820
497 187
548 674
470 961
785 219
918 329
36 56
578 589
540 788
79 727
689 298
316 423
34 396
159 253
580 469
370 600
120 531
372 750
723 462
929 786
547 345
291 440
562 719
578 52
958 557
631 930
423 995
690 942
877 265
263 109
353 236
612 625
20 559
353 118
230 970
755 21
884 556
558 201
202 664
903 694
26 195
516 424
715 859
414 38
728 721
41 35
941 407
795 731
851 92
106 485
467 398
566 62
845 105
834 940
62 589
62 877
343 500
857 754
423 315
862 407
844 32
584 290
440 440
252 617
288 108
435 713
90 511
129 931
329 288
398 587
575 975
499 921
955 656
202 492
874 521
13 102
811 438
124 324
449 690
735 728
662 73
477 83
586 518
256 158
696 486
870 877
177 656
871 384
58 537
725 436
538 7
617 346
11 672
742 299
810 922
928 27
767 664
899 534
280 902
374 177
318 259
123 208
465 769
801 682
682 128
62 400
622 384
373 229
844 811
742 732
458 792
191 540
506 156
531 713
223 971
778 960
355 228
860 333
846 981
701 537
521 271
897 455
884 551
831 196
490 996
782 638
277 808
918 125
824 580
642 437
601 408
589 583
781 835
190 483
25 691
92 759
666 442
478 930
121 580
204 22
415 282
883 297
520 95
3 96
669 939
233 297
211 126
764 524
167 355
316 780
669 310
955 74
54 156
20 258
129 927
807 729
518 272
618 39
72 555
384 772
609 821
523 918
637 233
952 55
762 1
207 533
26 160
947 111
302 931
331 712
881 223
385 819
872 808
272 685
172 498
746 580
805 957
107 762
921 358
620 12
933 903
33 491
84 769
771 534
64 733
181 898
950 407
73 759
231 814
336 739
622 169
265 421
25 637
63 130
319 894
925 928
40 164
378 632
781 700
800 258
268 392
49 332
104 475
471 19
213 381
154 492
841 581
585 507
927 746
671 255
265 142
338 210
921 64
231 758
597 121
554 91
717 726
859 951
394 507
937 645
414 985
597 290
909 71
18 211
317 500
425 208
420 942
582 88
939 778
327 367
147 697
684 126
845 587
35 959
108 480
777 495
621 703
207 562
310 773
267 407
886 849
222 209
547 161
631 519
896 250
857 422
607 827
47 564
41 616
921 905
123 55
430 128
903 407
796 103
823 836
462 508
470 4
557 411
31 314
596 419
237 278
431 358
302 949
870 189
532 697
807 959
715 991
925 349
66 717
364 252
118 906
447 906
577 121
884 277
231 597
867 405
73 948
420 769
862 590
863 852
749 157
219 560
537 373
671 665
819 220
549 658
249 592
723 636
196 536
185 708
128 463
905 462
615 429
557 915
432 689
667 111
561 543
110 371
605 486
114 394
498 211
85 320
106 207
35 442
936 493
287 34
262 817
350 671
756 946
895 692
908 72
879 772
345 813
826 645
86 630
634 793
306 529
313 692
820 453
908 897
32 963
722 257
254 965
449 519
716 568
809 953
144 457
841 998
821 777
25 718
294 233
24 560
221 517
175 912
10 560
908 52
255 127
752 815
623 18
143 26
825 782
801 401
842 409
70 900
227 217
504 591
433 490
609 738
701 753
35 17
862 180
281 528
604 35
273 47
448 314
318 138
590 62
134 620
572 919
105 656
133 466
625 804
120 585
879 449
541 41
888 109
489 812
280 175
552 916
626 871
356 768
912 827
920 876
889 756
156 571
643 665
77 110
543 566
514 284
695 416
912 954
548 862
476 554
606 399
628 572
884 31
630 598
276 822
40 878
525 9
736 72
745 452
116 271
875 917
441 426
211 648
933 664
414 420
228 346
0 660
403 675
365 438
7 137
648 205
188 801
893 246
498 91
939 794
362 471
529 970
331 337
459 513
764 11
502 329
405 203
480 739
419 348
288 421
278 874
197 814
547 789
298 295
63 184
149 47
658 315
456 67
767 203
703 706
194 439
22 883
169 518
365 497
111 19
6 115
277 112
133 24
165 596
821 974
718 610
429 277
163 642
948 884
107 0
295 793
230 898
228 972
77 703
657 75
280 791
437 107
311 368
828 348
104 992
770 249
836 118
138 114
448 707
304 235
741 862
396 401
238 635
428 10
533 224
602 809
344 796
677 726
624 932
789 747
186 623
188 439
513 967
685 35
176 380
754 875
899 438
280 796
508 870
742 420
428 616
783 285
852 184
878 400
532 953
602 147
372 173
748 907
664 845
291 695
204 42
334 683
585 476
108 336
742 361
746 803
520 806
813 347
763 902
466 914
787 914
930 913
254 252
464 867
405 73
749 241
729 505
526 586
162 78
836 227
331 627
916 844
148 209
561 447
563 130
385 101
105 264
202 43
859 594
272 149
36 191
742 377
465 630
676 421
489 923
901 61
437 722
531 545
445 696
177 908
192 909
160 919
182 168
621 961
331 747
181 370
133 34
151 250
160 569
815 980
110 275
166 700
94 956
182 840
823 406
500 586
584 849
739 46
938 493
559 156
418 55
26 493
61 923
519 108
877 478
929 316
582 321
54 466
390 743
925 690
247 683
150 483
346 824
503 105
452 606
893 101
488 948
711 169
328 405
112 960
792 643
361 444
121 950
780 332
746 726
584 762
402 889
638 758
451 567
719 453
602 603
618 232
314 501
75 617
513 369
472 148
89 83
801 876
866 400
312 491
461 820
513 822
748 296
712 666
806 344
319 295
37 921
134 848
90 789
97 256
427 891
809 498
553 85
211 977
326 852
484 805
729 859
564 33
57 622
726 540
632 81
518 297
137 456
477 464
910 42
349 23
699 124
798 503
240 305
388 792
490 744
354 443
882 722
463 916
645 564
307 401
770 933
223 580
86 603
412 997
855 482
524 818
122 439
935 894
587 265
465 112
733 652
564 999
825 809
4 487
359 105
14 670
658 755
319 481
22 847
431 973
783 705
692 42
957 27
502 428
8 722
163 281
870 408
735 769
314 301
794 131
308 435
23 621
495 457
541 197
176 508
538 805
79 565
277 418
529 545
471 799
879 814
94 551
495 846
222 740
182 526
625 615
441 817
758 329
718 207
755 203
959 580
736 214
2 4
279 947
383 947
872 994
669 261
518 256
502 578
465 963
483 807
915 656
576 353
375 513
65 78
954 375
395 784
902 331
174 876
163 769
958 441
11 54
18 245
308 335
615 496
509 731
183 623
514 388
176 221
904 779
855 392
207 305
118 907
328 986
29 895
193 715
116 64
886 287
563 982
464 464
278 107
819 480
750 917
688 95
871 24
796 419
847 567
887 685
207 252
685 634
232 529
932 703
638 787
405 432
8 726
760 624
790 96
109 880
91 428
920 139
336 428
788 500
938 619
405 198
547 542
94 65
920 104
619 484
865 186
153 327
45 370
188 813
177 844
167 751
250 181
792 447
661 969
737 161
705 2
642 113
593 480
161 398
92 416
251 108
795 26
365 456
374 715
58 669
345 827
392 888
387 345
628 691
498 386
17 528
190 321
892 701
479 176
658 489
491 625
809 764
318 244
909 66
218 449
664 482
78 966
632 891
662 744
468 345
176 822
140 665
8 398
103 621
800 21
348 31
113 882
421 504
759 478
931 703
453 198
115 982
550 466
302 702
625 48
274 49
192 344
117 619
188 750
801 812
793 988
621 189
862 824
93 26
830 991
337 363
172 172
605 998
586 670
234 177
785 202
880 56
47 908
564 248
203 698
689 874
933 63
98 582
532 681
603 663
677 293
541 126
327 800
385 206
195 394
914 987
768 399
289 868
206 517
385 994
68 509
144 758
398 258
822 779
770 880
525 469
308 842
875 969
147 90
678 205
952 817
532 301
649 337
791 673
19 251
97 426
657 101
20 887
551 137
195 453
867 258
821 47
779 371
589 485
150 669
707 448
760 0
145 659
264 391
831 278
404 242
619 252
773 760
886 267
27 78
407 921
546 236
192 251
819 967
704 860
954 578
285 189
25 169
660 976
25 385
167 918
765 679
694 745
343 176
203 95
662 395
158 600
751 63
583 643
810 728
458 35
696 492
943 548
43 530
421 296
912 838
632 534
885 512
918 525
27 406
400 827
91 582
929 313
244 980
878 158
48 92
593 11
3 742
173 114
8 241
472 158
941 621
677 731
459 242
181 554
108 303
844 245
482 131
360 397
256 270
904 237
354 266
797 477
497 210
771 297
231 105
678 73
529 629
372 42
603 742
890 338
8 522
400 517
495 445
101 824
523 954
872 219
143 448
527 675
0 71
407 440
504 814
639 937
13 360
577 724
479 300
606 342
426 413
764 512
219 835
588 696
208 845
315 342
525 27
818 689
828 116
2 72
466 237
461 630
236 774
143 714
246 817
717 126
248 600
735 906
623 633
41 434
675 77
155 787
941 115
823 861
372 602
613 144
489 749
930 99
420 993
51 778
652 684
140 643
564 734
783 473
274 807
954 184
834 62
492 929
589 357
153 337
773 48
636 492
334 999
655 498
137 484
400 138
296 262
241 671
130 54
859 405
896 248
53 513
670 472
450 475
858 442
388 564
241 136
575 467
226 766
483 62
383 96
728 744
467 606
142 421
775 574
307 387
236 30
413 646
457 247
762 803
514 740
789 4
531 789
250 296
546 799
83 989
328 674
955 70
100 800
781 908
235 630
533 317
761 524
365 645
636 797
691 150
924 24
675 254
179 619
468 548
143 594
566 146
276 219
387 695
692 342
913 926
45 678
207 366
485 55
154 903
609 943
34 947
704 466
911 877
419 380
19 244
579 981
466 975
398 1
692 823
920 125
184 499
162 626
164 274
568 786
600 659
340 212
533 675
79 824
303 577
832 52
50 257
572 383
205 951
416 278
505 334
687 13
401 446
918 487
234 871
858 539
937 284
71 422
108 84
660 412
82 880
897 615
35 747
92 768
640 683
614 591
673 900
295 819
111 993
554 283
762 180
38 754
443 787
565 308
629 458
239 400
919 495
627 857
566 49
379 45
895 227
665 804
494 216
574 247
438 549
574 791
546 245
748 669
186 220
935 306
672 360
278 49
133 593
170 603
288 113
771 476
591 691
188 280
748 944
440 531
389 820
801 824
369 197
223 709
858 71
242 647
110 198
648 494
392 516
437 295
521 429
226 340
113 289
347 855
500 857
674 748
567 47
245 58
725 27
473 821
915 293
733 487
377 180
530 296
752 330
797 282
528 231
713 376
343 869
11 258
176 587
599 615
147 4
709 977
816 820
446 341
879 226
913 837
324 462
377 805
921 968
890 387
929 34
134 356
312 152
154 66
793 529
1 856
788 470
477 644
947 665
838 34
593 35
251 325
171 795
203 386
625 471
50 761
100 21
432 2
6 675
933 253
430 693
557 73
538 675
35 856
391 368
795 892
848 443
301 637
403 220
182 497
744 698
778 460
412 297
164 772
567 460
594 158
411 888
471 152
357 987
557 765
442 108
677 573
389 427
853 760
82 407
680 479
517 426
40 289
562 858
312 498
761 567
781 681
246 523
682 584
745 801
738 305
871 772
948 641
324 385
868 745
649 232
134 940
422 88
651 899
50 757
625 96
127 3
482 110
858 158
609 324
383 219
437 524
44 548
547 736
220 81
579 741
411 680
903 232
281 340
342 449
510 616
742 605
471 623
222 35
643 756
881 585
466 322
614 235
728 407
430 725
891 338
357 167
111 534
634 451
452 54
769 156
630 833
883 770
207 76
182 703
830 43
58 65
350 822
429 641
445 191
23 83
268 989
363 812
292 383
326 342
851 70
391 112
532 963
256 529
731 919
758 499
327 430
495 10
558 219
52 316
822 440
87 110
599 723
0 314
704 561
45 376
833 43
240 297
628 712
320 391
182 319
823 397
193 929
767 160
668 496
386 530
322 659
633 975
327 807
529 382
511 795
93 448
881 466
89 117
169 444
429 576
351 463
609 903
792 441
62 251
335 384
458 925
698 427
397 572
747 290
735 297
475 232
234 933
569 595
380 880
756 677
861 329
926 66
833 819
111 671
504 940
493 475
206 707
809 80
957 989
358 944
863 448
777 701
576 519
562 608
468 512
266 452
4 928
886 855
590 852
48 735
566 154
543 214
411 144
948 871
788 405
143 644
96 181
173 422
243 401
59 164
886 425
676 272
86 535
611 495
575 588
199 342
352 694
798 833
265 702
505 838
465 688
301 660
198 598
73 839
710 796
321 100
601 57
326 21
97 795
504 679
946 781
726 496
96 258
361 90
793 725
871 876
472 824
404 833
33 224
487 742
315 43
381 529
627 631
886 7
540 303
101 347
763 654
323 75
856 391
887 939
211 94
889 647
606 847
339 966
491 830
495 331
167 948
942 620
464 678
800 403
20 328
73 513
47 16
713 127
349 97
289 811
876 558
515 193
646 233
820 979
527 536
122 772
578 543
893 513
557 402
387 434
762 967
764 525
861 928
880 365
386 808
231 344
437 906
682 128
630 137
609 920
899 386
222 522
644 614
207 682
39 978
45 534
927 586
398 725
515 972
50 644
880 626
427 106
923 430
459 91
121 762
344 938
519 587
108 697
151 686
359 425
730 800
357 867
75 473
575 973
208 498
164 229
141 809
498 834
159 743
359 208
719 44
81 655
389 294
940 781
881 89
470 569
803 957
14 718
602 276
211 12
50 866
915 950
576 469
913 157
207 282
256 979
763 503
341 341
948 776
496 916
229 713
872 719
47 382
514 527
500 111
198 909
103 3
760 286
294 556
720 237
802 991
921 151
370 40
905 294
130 423
756 962
252 629
634 294
98 29
18 485
889 428
884 743
413 246
442 63
290 974
892 593
253 381
826 673
335 20
476 600
39 974
340 725
214 128
643 399
526 829
321 969
110 920
499 778
741 819
816 401
543 706
258 698
759 19
523 883
804 498
695 335
834 916
833 758
235 849
742 145
285 319
826 185
592 702
688 346
762 611
364 433
498 134
263 981
20 130
885 578
863 785
289 394
712 385
595 182
64 36
139 297
427 961
345 34
516 209
389 79
35 956
838 908
709 379
378 612
2 156
144 73
257 676
872 749
422 519
188 298
833 454
146 74
49 645
726 546
932 479
602 44
8 679
662 958
318 166
828 718
778 638
580 765
455 379
383 493
344 898
318 931
531 897
191 960
707 26
136 905
5 927
487 42
956 494
32 512
745 205
915 635
793 451
902 944
923 765
818 964
826 409
371 119
485 569
353 836
422 44
819 366
450 360
890 127
272 640
909 533
234 737
633 455
221 94
250 600
531 399
45 712
852 454
666 931
910 722
412 798
424 369
442 427
287 109
628 655
42 41
44 314
943 490
442 35
32 46
904 129
268 34
537 111
799 998
761 354
235 847
696 639
132 92
145 803
647 232
679 417
605 411
493 688
329 411
426 23
914 342
24 699
273 288
431 245
174 130
246 684
710 703
708 466
101 136
100 478
429 870
560 177
183 664
719 712
955 494
436 729
531 895
268 508
587 521
844 675
356 165
618 124
189 476
337 665
818 930
907 418
436 301
331 112
413 509
12 756
753 598
572 144
509 808
700 26
184 177
875 504
333 41
506 233
293 167
646 867
906 572
175 788
626 257
371 396
243 198
258 957
540 13
698 967
779 946
87 190
200 229
269 974
774 453
712 999
114 136
485 769
131 490
399 705
286 261
326 241
246 806
740 832
776 478
101 244
740 186
102 889
441 730
248 436
273 655
676 852
441 304
78 254
958 752
914 842
788 546
78 828
608 625
770 368
784 303
181 305
401 541
861 673
945 410
537 756
684 462
252 401
324 82
732 485
547 728
81 287
287 653
346 751
498 961
343 328
208 80
381 650
315 745
406 352
425 4
933 575
66 843
142 407
324 286
954 924
709 451
562 739
383 409
384 612
546 36
954 713
835 294
869 500
833 578
590 660
667 664
23 460
511 314
566 304
265 531
351 132
290 179
729 710
194 764
126 216
660 53
718 1
486 257
8 978
61 476
0 876
801 317
70 707
453 519
455 812
494 333
652 450
930 41
612 312
91 7
126 597
955 791
85 231
474 602
49 854
146 21
394 703
507 388
36 210
650 530
824 310
730 802
438 289
773 937
473 364
348 798
806 220
364 586
342 465
786 72
798 513
941 958
850 25
616 446
499 987
868 904
503 829
803 812
366 30
177 7
315 189
590 946
818 452
250 216
765 506
517 602
17 0
158 532
598 213
730 313
383 492
59 70
438 939
700 763
19 427
364 321
441 610
366 281
636 524
380 273
124 793
33 114
502 337
575 749
756 444
866 322
73 623
554 858
144 338
11 948
610 762
768 88
572 867
162 892
948 578
242 158
379 317
607 458
59 394
629 4
316 398
485 349
308 519
783 490
307 163
106 882
40 197
578 864
6 23
356 68
84 506
98 175
104 490
186 230
194 481
210 3
348 733
865 502
824 750
835 579
638 635
657 573
360 912
314 515
944 252
545 713
353 503
431 989
359 421
603 111
885 455
170 891
313 692
119 575
873 155
957 822
432 801
348 464
270 401
467 247
652 411
268 249
681 364
44 528
332 989
358 647
946 437
459 564
661 627
401 594
643 507
117 460
722 706
563 835
567 314
342 239
409 493
653 400
593 939
585 61
777 911
379 629
596 827
350 481
763 351
682 246
488 135
367 321
688 498
403 72
919 304
239 585
414 104
915 189
542 237
701 230
792 781
640 347
776 820
59 284
159 24
135 89
225 831
685 476
368 168
104 322
302 531
718 336
391 937
914 937
388 327
316 753
211 622
849 883
682 539
769 61
905 276
63 567
483 40
211 491
585 716
229 57
58 154
958 339
364 538
305 428
845 677
635 456
578 512
515 829
925 633
617 141
254 456
576 584
117 444
424 586
286 326
734 693
582 558
319 234
756 338
312 463
481 461
227 355
939 718
445 211
832 750
790 801
557 695
469 725
943 69
718 72
446 661
933 537
959 236
871 449
730 314
257 776
238 259
142 593
766 212
147 269
195 279
454 796
538 661
936 520
255 511
950 182
503 270
490 754
68 756
499 883
642 279
761 933
561 8
464 94
907 610
666 532
124 101
826 866
865 570
959 280
414 959
267 435
95 665
111 735
917 889
412 172
558 792
745 270
883 437
702 121
308 811
669 137
217 678
382 577
5 585
415 361
126 873
663 61
371 913
783 737
542 836
233 927
641 990
116 437
360 721
547 899
806 662
98 837
440 86
206 798
415 922
860 954
165 748
261 370
551 155
345 310
851 38
534 122
168 446
366 168
671 574
272 300
472 81
26 686
570 655
661 46
431 332
771 914
605 688
70 213
932 68
773 95
225 245
326 200
350 127
12 977
506 396
892 10
367 585
816 871
634 186
544 353
407 423
492 921
187 349
857 190
259 915
716 451
713 352
403 271
699 271
26 264
281 671
527 369
328 724
329 537
182 32
358 725
551 469
234 401
184 851
33 685
362 778
449 87
282 4
893 191
670 547
672 766
680 662
0 4
439 625
313 786
111 279
777 644
269 53
546 954
848 424
722 297
247 909
923 434
147 502
299 53
13 921
561 50
282 24
782 216
680 725
786 387
685 144
661 821
428 179
450 414
742 939
134 633
321 653
641 568
633 489
178 95
98 867
409 882
374 986
565 294
332 536
927 272
152 247
401 182
65 416
959 827
328 496
750 8
913 243
545 537
665 750
868 843
462 431
752 697
676 944
269 948
198 215
589 433
163 802
68 346
471 533
689 217
781 379
138 746
891 705
623 887
380 231
668 782
825 384
650 263
522 997
20 939
173 221
15 331
928 668
629 745
374 914
469 956
400 168
566 960
355 646
896 19
820 564
929 584
92 856
319 832
216 197
70 574
945 689
498 95
30 619
150 875
593 231
562 69
539 925
525 538
333 96
929 24
163 676
185 365
904 323
960 216
275 803
909 617
17 440
43 186
167 204
879 638
683 405
327 108
36 648
229 160
562 888
817 776
519 514
487 444
419 539
516 736
339 126
423 588
798 154
664 332
203 662
378 188
849 605
265 699
443 37
407 413
428 23
320 967
886 170
346 9
206 87
444 294
583 70
845 140
757 797
366 397
918 321
25 546
101 15
579 81
721 926
344 805
827 89
906 978
513 470
664 747
724 688
208 698
375 530
866 122
342 712
431 290
423 921
644 697
583 676
359 135
715 708
422 924
57 927
300 450
795 265
898 440
810 95
660 63
694 136
151 311
856 554
21 521
30 911
699 384
795 155
187 340
578 892
764 35
936 765
134 790
222 758
254 581
796 606
717 42
193 138
213 324
202 832
364 420
17 121
409 52
660 291
615 611
416 419
808 202
553 370
152 866
203 583
578 229
476 604
203 584
329 15
497 638
417 263
769 203
738 191
631 508
78 202
47 148
834 611
761 678
691 647
150 694
507 533
33 814
693 490
179 457
246 455
87 875
531 6
817 105
51 928
487 159
413 403
228 888
838 689
580 622
311 115
442 895
131 217
554 92
625 488
24 918
255 641
501 101
526 220
146 22
594 219
878 125
234 946
437 732
264 316
283 397
699 865
617 470
216 794
327 469
470 240
567 223
390 224
771 292
830 990
378 773
702 856
385 459
150 198
53 784
189 115
114 749
625 159
807 586
896 63
903 336
397 744
331 659
320 99
27 657
493 320
654 443
755 463
191 851
240 174
189 405
813 771
27 902
369 657
888 770
76 796
677 271
305 573
823 290
853 258
869 457
470 997
83 759
165 432
146 653
330 974
295 484
874 549
897 853
292 465
949 247
424 359
539 772
896 430
551 882
104 697
646 81
53 956
913 432
902 601
707 272
143 309
208 709
649 696
501 208
956 237
338 855
646 520
429 492
954 322
937 822
713 88
40 908
389 474
600 976
503 11
708 877
242 921
881 7
352 853
739 882
14 678
735 134
428 661
15 314
927 699
596 67
861 409
592 618
608 419
455 180
950 210
518 414
574 602
20 189
621 475
637 832
845 673
712 825
741 978
118 69
738 6
173 380
465 323
402 285
455 941
208 736
452 344
883 728
691 898
157 465
464 249
584 614
714 695
395 425
895 498
439 563
435 573
570 275
524 518
858 261
323 22
934 174
0 787
801 23
629 100
150 626
75 908
394 760
615 119
913 993
21 58
624 52
689 511
430 415
890 181
904 946
190 212
80 916
499 808
16 404
889 18
775 75
137 916
483 13
422 145
401 339
710 763
460 813
688 783
29 776
20 731
461 884
771 758
793 240
860 57
561 523
256 661
112 336
823 601
54 270
211 955
493 513
799 61
126 823
150 595
563 463
455 642
83 650
830 856
4 614
303 692
268 114
698 667
667 321
318 652
932 879
594 499
575 400
580 147
891 63
151 74
348 529
428 317
427 182
506 786
191 975
470 235
78 631
175 927
565 632
608 52
155 450
320 73
875 882
849 520
805 969
889 846
645 324
383 795
278 127
868 426
353 967
654 623
339 351
342 174
189 637
577 144
742 834
264 469
750 841
485 792
555 838
429 406
180 784
693 198
446 927
150 303
268 445
557 517
671 945
924 948
665 381
157 533
646 559
431 890
117 59
433 98
889 998
273 504
436 806
818 693
783 366
629 963
328 548
546 307
36 121
516 880
480 591
881 682
538 124
328 827
583 511
66 523
926 418
175 633
691 821
397 633
387 50
516 23
810 492
119 682
172 77
720 883
488 809
885 542
33 575
21 903
603 399
47 53
869 523
476 494
818 499
124 562
855 907
461 726
48 91
702 201
126 304
217 602
350 112
343 849
641 321
567 743
342 744
35 429
600 128
396 910
898 81
772 951
20 406
556 451
342 140
402 601
110 730
188 744
284 161
102 795
456 911
803 160
409 786
917 451
131 338
906 893
273 39
547 507
403 124
948 424
865 954
185 793
715 618
647 311
463 363
925 668
482 498
409 928
435 180
78 451
399 926
45 230
198 462
403 601
237 97
532 752
840 843
321 114
166 479
403 215
363 731
603 146
830 883
951 125
799 386
857 380
54 951
551 599
621 744
758 388
567 178
854 699
758 910
389 436
117 273
615 883
722 119
273 850
207 678
627 401
107 322
955 327
739 932
599 945
190 767
892 548
926 108
362 638
434 811
235 491
698 24
327 881
803 471
377 599
392 687
879 384
243 506
439 88
805 121
390 659
534 873
415 731
758 596
185 908
421 194
248 628
662 226
317 137
53 217
362 607
575 4
199 337
292 742
384 148
233 945
516 447
110 939
901 456
798 945
656 300
328 903
355 610
615 476
599 96
201 379
189 164
534 723
0 406
136 645
318 86
913 146
300 615
354 529
289 23
566 307
827 91
374 923
350 335
617 745
147 598
841 804
77 306
232 975
31 513
406 222
635 573
701 305
209 381
62 73
163 968
298 369
283 167
35 317