1000 7 5
361
541
318
58
726
497
945
545
154
560
29
503
214
719
287
592
165
132
537
682
745
744
115
945
127
609
823
107
584
22
158
818
722
40
518
792
27
631
736
553
241
346
621
7
548
202
500
758
217
559
586
949
129
337
773
952
356
826
550
846
427
710
706
698
296
752
951
231
943
419
277
390
675
628
689
58
261
313
913
729
673
903
550
46
641
519
32
995
839
109
473
655
971
419
844
921
482
372
982
398
158
365
534
331
333
527
29
4
23
230
158
442
967
801
984
33
402
441
644
424
569
887
212
225
696
728
579
438
420
860
549
722
45
100
218
94
122
684
367
884
489
233
543
151
954
163
632
708
846
445
111
741
486
765
485
276
944
44
732
633
975
990
453
373
645
778
837
378
554
349
615
535
1000
242
676
918
146
777
20
277
823
710
656
684
513
830
247
87
971
54
960
511
325
338
151
250
338
577
310
832
130
538
155
356
990
418
87
690
995
772
315
258
605
106
665
410
809
663
640
89
803
498
447
23
869
594
882
418
314
881
965
848
767
797
42
584
348
793
754
862
665
726
869
649
559
394
502
381
766
170
514
377
527
837
373
75
571
453
453
863
694
173
409
907
121
295
367
798
639
816
333
912
413
702
524
44
646
396
201
984
753
189
823
725
554
361
80
89
722
344
470
412
554
147
900
532
698
930
819
344
570
718
732
291
582
976
723
940
254
873
492
470
19
112
318
288
508
217
236
233
694
679
243
474
30
728
875
266
693
544
827
785
236
331
54
271
221
607
237
474
967
959
353
489
300
250
373
257
837
618
923
864
78
717
428
238
103
237
531
998
516
248
839
743
31
369
701
479
117
134
560
986
461
624
595
320
261
548
125
356
189
218
749
137
159
897
550
203
530
665
804
21
519
106
374
221
622
672
116
275
594
837
987
917
414
400
168
695
961
231
52
106
334
31
879
287
477
926
133
720
347
439
652
421
216
475
596
374
141
475
560
42
793
163
702
35
509
171
256
584
250
148
126
235
191
457
426
431
754
214
284
574
317
144
871
713
489
784
915
227
735
667
715
831
611
971
316
283
967
758
458
435
682
788
460
72
308
864
732
351
801
823
240
677
943
87
714
227
6
787
105
983
749
625
576
109
211
795
969
349
900
607
228
408
451
463
684
410
13
889
301
372
598
489
243
542
910
609
519
672
883
139
234
276
956
858
416
784
563
468
438
403
929
709
607
788
106
202
218
337
103
406
774
125
206
670
802
502
875
745
756
930
753
777
108
750
983
118
988
504
475
466
634
224
242
790
320
290
511
727
103
206
73
331
326
292
2
882
44
968
595
523
840
497
52
270
994
541
706
692
799
125
436
200
449
767
890
553
493
216
515
879
666
120
738
826
480
775
771
13
654
980
812
948
814
908
629
218
475
836
108
228
278
482
287
484
522
200
183
374
931
33
247
553
995
445
592
428
266
758
708
117
835
527
915
642
1
746
587
238
375
419
915
166
379
624
564
735
785
629
765
378
528
579
215
60
830
403
296
615
267
925
530
245
828
631
504
211
239
77
647
498
1
865
576
16
187
652
248
878
995
788
434
821
178
114
782
541
896
896
582
397
368
831
203
798
919
376
999
347
767
755
988
6
510
662
336
680
424
985
966
753
336
676
547
46
471
761
161
978
680
352
486
190
876
213
505
6
300
637
106
97
280
714
801
226
231
438
708
653
740
772
366
69
435
968
704
105
818
511
388
688
234
145
488
12
139
971
661
203
764
437
389
306
233
350
723
661
1
949
13
184
603
273
787
115
792
851
171
854
511
368
514
481
270
652
351
552
952
4
505
797
43
186
480
751
896
67
637
93
168
202
775
881
971
122
210
208
316
936
472
250
1
343
540
508
838
53
531
712
68
251
827
592
368
180
24
736
742
336
256
923
292
1000
566
371
704
949
820
122
120
550
713
752
54
317
938
799
399
656
850
54
718
28
650
490
167
713
774
795
655
466
62
387
773
87
408
50
631
478
897
713
445
673
437
844
177
574
391
595
172
624
982
240
960
606
908
236
93
73
229
778
218
276
683
279
705
977
382
179
638
139
709
315
321
458
438
20
582
839
775
928
95
62
997
789
392
668
967
283
758
71
598
492
885
978
815
79
596
301
477
565
845
137
892
163
213
398
364
840
72
993
101
133
41
842
444
43
5
907
772
437
761
844
389
744
984
73
763
141
82
293
248
347
825
521
238
615
550
225
642
520
621
731
728
800
72
921
826
594
328
659
487
888
664
860
481
813
338
463
