119
423
136
384
254
644
-86
-268
892
233
889
145
502
220
789
-446
-648
-231
22
248
416
759
987
805
347
405
991
-554
171
734
-66
782
215
-283
364
159
899
991
841
-310
97
72
-113
530
529
938
-470
269
270
684
-269
-707
508
125
-39
299
433
947
174
-882
-181
-527
732
766
528
-113
11
-470
199
-380
-322
-574
-841
907
467
219
-17
660
813
516
-966
-827
-119
-4
-646
497
272
-218
420
705
-769
-161
-824
-412
713
-732
293
345
27
110
475
-1
731
-20
320
808
-35
389
-515
-979
932
739
240
-330
800
338
-232
-620
-298
859