10800 720
24
35
6
25
11
15
22
32
31
40
4
80
8
35
85
1
23
17
1
33
5
21
26
15
11
36
9
5
84
22
3
3
80
40
36
2
29
26
29
26
3
27
34
10
13
15
13
28
2
13
24
24
10
31
6
6
2
75
39
31
2
1
26
25
6
38
89
16
21
89
2
80
28
17
3
26
28
20
23
78
14
18
9
15
26
37
33
19
40
13
32
15
25
15
5
22
34
1
8
77
29
11
79
26
39
27
40
71
80
80
24
39
37
37
13
80
90
12
12
2
13
1
13
39
71
1
15
2
3
35
14
24
14
2
9
17
80
29
31
76
3
88
32
24
82
72
22
2
26
9
33
36
37
36
84
4
28
6
19
88
9
26
87
37
34
31
17
32
16
11
14
34
35
40
13
35
1
37
2
31
23
12
16
28
72
27
79
71
24
35
8
27
27
10
71
22
6
32
19
7
26
88
2
11
28
4
16
28
1
11
36
35
37
2
33
36
40
33
35
34
30
12
27
10
40
35
24
24
74
26
4
90
86
18
9
31
6
8
37
22
21
3
38
30
33
32
20
21
22
1
14
33
8
21
28
30
26
8
6
71
1
17
29
16
12
80
34
29
22
6
17
18
18
10
21
23
36
39
8
20
10
28
31
15
6
8
25
76
10
16
17
10
39
37
17
17
32
26
86
26
31
7
10
32
25
28
29
15
2
31
9
16
12
30
11
37
86
17
10
11
32
33
14
32
23
1
25
27
37
29
36
16
14
15
14
88
26
38
4
39
32
6
30
6
39
30
22
32
29
27
3
10
33
25
19
6
34
34
21
34
25
16
77
89
31
6
18
75
74
4
31
32
30
25
33
25
37
37
30
21
24
2
22
1
5
70
28
38
21
13
10
24
19
6
6
82
25
87
7
12
27
14
13
31
23
27
33
2
72
16
10
37
75
19
23
13
33
2
38
34
18
5
72
21
5
26
2
35
4
36
36
4
2
10
33
10
32
9
18
5
29
1
2
15
39
28
14
18
82
7
14
22
10
8
35
14
39
23
27
14
5
81
12
7
40
27
13
19
6
21
5
70
28
25
17
38
29
30
16
3
29
21
1
25
35
83
30
30
20
26
36
40
27
20
32
30
40
39
40
30
4
19
14
34
25
76
6
7
13
18
21
73
18
31
24
10
34
36
16
34
9
10
88
29
8
4
27
24
25
29
10
6
35
85
33
17
24
38
10
21
6
17
26
25
33
16
27
21
35
39
30
37
15
3
16
35
33
14
24
31
10
22
20
18
39
36
37
12
15
9
2
19
27
1
28
40
26
29
31
37
24
37
2
88
29
13
90
14
4
16
38
31
6
7
17
12
23
80
20
37
21
40
23
17
13
35
22
35
14
24
14
14
12
87
31
1
4
83
27
29
33
32
28
25
26
73
18
2
21
8
20
34
33
6
22
21
26
35
6
80
30
22
39
34
84
9
9
28
13
8
4
86
38
18
23
39
2
12
32
19
30
12
21
10
15
23
80
8
11
27
6
80
3
21
16
27
37
7
2
14
21
35
2
35
39
40
1
35
10
1
8
11
18
14
7
10
37
23
6
10
37
34
18
17
13
3
33
3
39
12
72
28
23
78
16
6
19
36
13
15
