990
990 1151
399 606
196 727
564 1188
905 1263
865 1190
642 716
840 842
497 1126
235 714
812 869
301 754
778 1200
279 719
770 1169
5 681
1119 1259
824 1199
146 1217
39 762
308 704
133 1235
322 1293
860 1178
698 1231
50 1287
724 1097
665 1140
733 1152
781 973
926 1255
1006 1097
823 848
1049 1095
611 707
964 1054
640 1024
625 1208
1007 1059
52 1137
507 1116
549 630
191 1275
591 1161
678 869
733 1276
166 1109
225 870
706 877
780 1257
1172 1183
6 748
493 1136
874 1029
955 1219
649 1209
1171 1202
78 941
947 1118
1199 1227
428 1027
22 1175
49 891
34 903
923 973
163 1023
533 694
8 1183
380 1274
873 1132
695 1019
110 1213
262 1189
621 1146
633 726
846 1068
831 842
917 1130
66 944
926 971
1118 1230
588 1264
1061 1105
684 819
92 706
858 1032
135 614
328 1063
438 603
1117 1194
933 1128
600 619
1089 1287
918 1213
669 731
377 1224
124 900
13 876
724 1224
247 743
500 1140
515 1109
318 911
1042 1080
1033 1208
249 1130
575 601
730 982
707 817
719 808
447 904
911 1215
113 1270
584 974
799 817
412 1273
784 1091
1157 1236
596 600
132 840
179 877
254 916
544 956
47 835
491 945
48 930
666 1052
849 1265
813 1037
810 1236
209 1086
389 1144
420 864
1035 1160
643 1131
825 840
1142 1220
234 1055
195 640
859 967
1115 1249
670 1261
1091 1202
993 1154
338 615
454 830
238 742
509 964
778 1293
986 1218
1030 1033
870 1135
60 839
869 962
150 962
97 787
915 1063
722 1276
383 727
46 620
886 1245
143 1233
237 991
218 1134
127 640
747 1178
138 1071
713 819
1029 1292
207 1116
477 1240
183 723
793 1166
793 1166
847 1176
174 870
1028 1168
345 932
227 707
990 1208
999 1058
746 1253
379 1056
1226 1245
822 1223
311 819
913 1156
962 1252
26 766
158 1033
232 1130
464 821
1025 1101
736 1046
896 1292
430 1001
427 639
751 755
720 1139
749 778
54 974
214 1287
826 1255
456 1169
577 861
291 873
369 1276
659 785
622 1296
555 876
43 1264
694 765
1231 1291
761 1069
1019 1027
413 813
1260 1283
1142 1189
1034 1290
1007 1050
313 1247
172 1067
916 1103
1050 1251
705 823
674 1256
670 1039
105 958
653 932
343 695
906 947
1029 1101
652 864
899 975
621 1164
635 681
953 1081
532 1005
154 829
902 1050
623 1261
935 1231
589 722
302 850
799 977
472 717
748 788
691 1185
1035 1057
252 614
613 921
600 707
169 978
296 1006
1048 1220
529 864
829 973
1101 1228
122 1130
459 1293
853 1263
798 1100
889 911
947 959
921 1123
1216 1236
677 1073
880 1250
220 1284
1264 1273
485 983
1093 1200
374 911
945 1198
407 686
998 1277
1116 1155
487 1143
956 1274
646 734
767 1223
689 1194
784 1170
716 730
621 867
606 835
149 1108
1008 1024
726 1062
651 1232
758 875
242 999
782 1250
705 1275
360 812
370 1188
120 980
410 1010
141 1261
590 1087
777 1185
1020 1199
1069 1294
298 1109
96 1260
976 1006
1036 1093
581 1149
1122 1142
660 676
267 750
630 1115
973 1293
731 963
620 1128
286 766
24 930
806 898
210 768
718 1144
140 1048
798 949
290 679
934 940
269 779
314 1231
641 1025
883 1231
762 1116
416 898
316 716
931 1051
148 697
857 1144
616 968
510 903
271 1001
656 772
471 1127
251 1214
67 707
954 1004
168 609
474 1080
1340 1401
1047 1169
27 629
441 1052
1198 1268
198 1050
530 1030
885 1229
848 1188
309 746
31 1284
738 1282
653 972
962 1255
108 858
869 941
106 1095
178 626
1026 1088
570 664
136 809
306 1138
871 918
292 763
326 807
743 814
777 827
304 966
391 890
70 1078
723 1111
294 918
580 781
605 672
899 992
797 1002
231 773
320 1023
835 900
660 1015
25 639
221 620
858 1126
285 687
518 1280
1122 1128
796 1287
764 864
208 746
762 1077
525 1295
250 667
467 664
165 1087
856 1070
711 819
807 1139
627 1189
597 955
611 937
739 832
904 1230
90 687
1136 1245
686 1012
720 980
853 1189
689 993
1045 1075
1075 1158
686 814
213 884
38 744
681 756
550 878
985 1201
926 1032
979 1201
673 845
536 630
821 1046
121 907
776 1116
543 746
680 819
994 1127
685 939
409 1050
400 782
20 1235
742 969
1060 1089
1184 1270
687 1065
612 1281
1181 1183
1163 1208
139 686
704 709
813 1280
94 788
767 951
268 720
273 918
809 1207
156 839
740 783
679 1198
381 1032
657 1217
337 1099
425 731
623 1083
161 899
217 1182
750 875
812 876
352 1221
382 874
576 682
649 681
974 1229
75 1201
593 1013
348 857
357 1074
927 980
200 1262
98 1011
710 1014
1052 1284
162 1162
772 1003
1067 1194
275 885
118 664
843 1069
884 991
729 1122
825 900
967 1056
644 727
928 1080
615 1099
832 1012
873 1278
385 1050
435 639
321 859
884 1201
1237 1273
661 1076
986 1182
758 925
465 680
253 739
776 1244
1084 1143
862 892
376 674
601 794
816 1186
635 647
429 1028
934 1257
852 1128
622 717
396 1293
738 1096
1246 1259
245 1075
551 973
76 1109
804 1058
822 1262
714 853
558 949
958 1183
903 936
61 922
100 639
1017 1279
1134 1146
1199 1267
361 823
636 1275
1000 1036
411 1284
708 1071
680 1208
891 1071
789 1114
261 953
659 1293
867 992
424 869
803 1083
332 887
999 1156
757 1137
857 1175
954 1241
82 1135
943 1043
640 1258
870 1068
644 1286
568 769
961 1144
667 1015
950 1200
880 1052
824 1086
1173 1201
1193 1232
694 1065
388 976
519 972
199 964
623 903
662 1136
240 687
528 763
319 1029
682 1012
236 757
69 1269
282 682
417 1039
365 1284
86 999
257 1030
181 1106
909 1103
630 855
55 677
460 1188
16 1238
107 1261
600 868
819 1005
468 1192
1062 1222
763 772
315 674
401 1065
603 621
573 1245
246 962
617 746
265 703
552 646
431 622
764 815
184 1092
367 1057
679 1053
631 1080
258 972
892 1145
433 1024
513 925
786 1270
629 1162
708 752
650 772
277 931
506 601
688 1242
41 948
618 1194
1180 1292
782 852
422 924
1176 1211
666 1206
488 677
153 765
583 947
891 1112
899 1138
624 1227
359 1240
748 1088
503 739
901 1010
484 724
946 978
1012 1152
1108 1205
653 1299
808 874
700 1167
145 1155
931 1116
945 1203
845 1234
192 957
206 1264
863 1087
1024 1063
599 944
655 853
726 827
803 1225
524 1046
226 1206
692 951
766 938
329 1175
368 1182
712 1097
755 1264
1018 1183
744 851
587 1162
364 1274
523 1174
259 851
72 1293
701 821
426 1012
592 649
967 1016
897 903
444 911
366 898
185 1093
1136 1263
1004 1289
372 960
219 1080
131 1091
499 1033
722 882
1152 1263
160 745
129 1093
778 879
85 903
1013 1198
18 1270
11 891
978 999
942 1216
1076 1206
702 1280
142 763
566 1215
706 1150
853 1235
358 873
969 1001
557 903
297 1103
648 1111
805 1045
167 1233
256 786
784 1261
563 884
670 1080
339 766
700 984
394 1231
679 1293
354 1140
565 691
392 787
888 941
1145 1286
119 785
255 791
134 810
81 1055
164 1156
872 1035
907 1280
571 857
1241 1294
114 892
514 1015
325 1293
512 712
969 1011
582 990
815 1106
99 853
455 713
815 1187
697 873
690 899
545 605
1106 1149
682 1211
436 949
833 1189
887 964
461 662
1199 1221
64 776
750 1050
806 881
953 1211
203 1104
62 975
685 1199
987 1124
440 662
929 1055
53 731
201 974
673 1212
865 1046
331 645
453 991
645 1185
71 863
731 919
327 647
542 705
705 1218
317 1056
877 1287
104 615
723 1230
1108 1211
683 1073
636 773
821 1164
384 1002
215 727
378 927
703 1115
446 660
763 844
821 1298
681 685
828 1215
481 744
126 1226
299 1010
716 1222
355 1093
272 857
103 1088
1038 1254
222 719
601 703
940 983
486 1067
155 645
101 1083
495 720
458 716
800 1195
608 1242
187 1176
898 1287
848 850
685 1034
29 657
473 1176
466 824
125 1019
727 977
516 632
1045 1088
800 864
59 741
699 965
870 1264
1046 1274
610 691
349 1110
1136 1153
1011 1231
274 822
658 945
333 1280
463 1111
740 1111
9 1236
887 1025
786 893
443 621
478 853
607 1044
84 1260
501 1032
637 1249
594 1241
449 991
194 781
849 1183
305 890
770 1109
629 1245
638 1219
36 800
80 977
934 1214
654 1086
696 858
1104 1235
808 1021
330 912
854 1284
661 948
747 874
799 998
965 989
186 690
176 1176
362 1207
1110 1269
546 991
1020 1121
1130 1289
511 645
754 991
759 1046
228 752
983 1260
177 664
1181 1239
820 1116
1111 1265
1002 1295
643 725
1016 1061
83 1159
520 1045
492 1257
861 1207
175 853
342 674
403 839
347 615
741 1051
753 1086
693 1182
73 934
482 1217
636 818
604 1226
686 841
193 1236
806 908
65 1004
373 988
531 1128
769 776
1103 1169
496 646
1064 1231
789 997
1058 1127
775 1107
972 1287
683 1228
130 1080
88 1116
56 660
42 1291
616 1171
123 973
1104 1224
626 1171
363 715
598 1103
569 798
539 750
7 1136
248 958
87 1093
930 962
766 1211
476 673
115 1092
1129 1266
93 661
535 1023
821 1023
462 680
785 1095
745 912
868 1051
621 1213
702 1066
999 1113
1133 1151
695 1229
697 1146
323 777
489 640
14 1207
402 869
375 625
560 1126
667 683
1078 1263
726 836
351 720
1094 1114
639 996
838 1023
980 999
661 1260
276 738
1042 1102
144 983
490 1253
395 1217
521 606
205 890
609 1240
1037 1280
216 1107
646 1132
102 1118
1179 1262
738 1031
963 1204
704 878
602 1054
1038 1211
1088 1091
1106 1198
356 1273
1288 1298
612 1035
310 1226
668 803
1024 1240
660 1151
137 1098
965 1110
1310 1400
1002 1011
17 1169
880 1022
270 713
128 776
1159 1260
595 1093
