158
790
13812
10563
-8309
41598
21301
37176
43402
27554
-9030
39683
-9275
-25546
-19355
29814
2843
-1103
-13267
-1538
3164
34984
-11401
-21943
8186
-21681
12467
-10478
27729
-14515
5880
37529
36947
15667
16513
-2298
5527
33110
-12310
31222
-3433
-7830
26435
29048
22602
-25615
26982
-15766
22724
-3276
15377
-2915
31794
2889
-15098
-2027
23635
19696
16738
8208
-16023
17428
-23998
17818
-6967
-21765
38129
-2098
31385
324
20574
29750
-12209
-1690
26221
13313
20075
-10834
27590
15050
-991
14376
21117
-20674
11035
-20322
2936
28859
21783
14412
-12586
-26515
-5400
-7378
-19487
37800
-10132
-13501
14190
16071
6041
-27116
-14429
-26328
2299
-26603
-17262
-27408
-6150
-6183
-495
3759
39447
30328
-6020
7421
-23775
8506
31362
-16995
15130
-2699
-894
-19565
42842
15142
-17540
27869
26249
-4371
-10437
-21829
-26243
11295
26562
17927
24750
25139
-26506
-19381
17159
-3259
30626
-27011
21020
-379
13121
17961
34983
41493
34541
37098
-27172
-13400
-26078
40325
-12366
29645
34951
-23680
-24062
-20054
-9474
-6777
26106
36298
-18600
-17043
20092
35627
-1779
-21489
-7561
-7239
39933
19542
35298
12221
9365
30715
-22550
-6991
26137
34657
440
29248
21122
41500
38852
25557
38658
42344
20177
22712
-14902
23109
2239
40007
-12371
-22655
29165
35823
16596
-6678
11507
36495
34775
3304
-15939
-21650
31624
33573
-8114
-250
13508
39223
40533
34956
-18593
38458
40025
42998
-12201
8212
20054
-3306
43118
-27454
-10216
1621
-5687
21524
-27529
39821
5918
-13566
-19295
-16554
55871
-4693
-21664
-2985
-18158
28243
12063
-25838
-15685
39902
-10319
25676
27063
5898
608
-3086
-9837
28941
37347
15240
5016
-16234
14411
4246
-25
2544
15477
-13397
1280
-22911
6583
19878
25806
34254
28192
11078
39171
767
12285
39353
40087
14184
27203
-6119
37573
9644
-8929
16011
11452
-13680
17370
4964
-22197
-16049
40302
-5188
36861
41239
-764
-15191
34401
35079
4367
39329
5559
38500
22288
-10101
22201
32123
-16456
18359
19606
19037
15587
-11979
9807
1653
33236
22302
72069
70805
79621
75979
74249
74246
75925
70148
71406
70784
78379
77919
79617
77919
72651
74931
72945
75020
72916
74276
74117
78535
72880
70207
71962
74716
72616
72331
77366
71066
72045
70962
77156
77226
78698
70317
77992
75596
71056
73128
77707
70833
78033
76375
74448
72794
73400
72222
75268
79182
74787
71249
75327
79060
70428
77535
76276
73506
72130
73696
74911
74128
77259
71264
72647
76596
71781
70395
71559
79689
73689
70326
75861
72427
75551
70716
79294
74465
74106
76077
73691
73358
70146
78179
55772
-78253
-75929
-72029
-75211
-73746
-72213
-73079
-79651
-72760
-76840
-73208
-71607
-71058
-73347
-71925
-76414
-70831
-78979
76777
-72235
-78459
-78456
-73481
-79419
78144
-76005
-76064
-71053
-71294
-73644
-72921
74459
71405
-71289
71841
79666
-77067
-71991
-77646
-73737
-73201
-70614
-77099
-71893
-73976
-79270
-71617
-70748
-71621
-73334
-70771
-77729
-73614
-75917
-71438
-70368
-75457
71418
72314
-70388
-79494
-79529
-70483
-76033
-76779
-76105
-76373
-72469
-77346
-78441
-70123
30650
9802
-20708
40780
-15197
-1672
-27084
-13744
12918
16973
36055
20865
4933
-6477
16853
-7396
-1722
24564
38075
8328
12967
32914
-11096
-3162
-22059
682
7145
23
-9231
2970
10335
23794
17616
30025
-26823
15750
-10777
4742
30937
-13932
-19801
10991
-24538
-10743
-14448
-12789
-5918
-12692
20593
-7922
-15804
43240
-21723
-10170
22545
24749
9102
-15381
-7167
-11835
-2169
-11353
-3521
16589
7174
17282
-8317
37359
8338
14261
28889
-5221
-6366
29816
43182
32045
7690
43133
27633
19805
14864
5858
21559
20444
-4707
3367
3571
35498
39889
-6690
31989
-7062
34253
16281
55486
-17609
-23186
187
40320
17243
40022
-17274
-31
6835
-27156
24949
-2756
42448
-10267
-25091
-16582
-2446
10480
-16381
-11555
-20369
31262
-13786
24743
31702
-10179
-21096
26340
-16691
22402
30564
1347
28084
21606
-15907
39976
-26661
8982
-739
-5981
33428
10695
36557
40506
26367
-21742
-17245
-11070
-10256
-5919
2219
-14350
-3392
27149
-14106
4043
-809
4980
15296
-22375
-20138
-20953
-23786
-6836
22277
36074
-25190
38021
5395
-21347
-51
-19400
24489
29880
5080
1663
15881
-3600
-15076
40194
32538
33353
12259
27976
-4602
24803
3403
41821
1888
42078
-13136
32174
-20927
-13615
-23140
10397
23988
23307
-14367
17904
20545
-6659
36792
15545
36102
-23768
40802
34923
-10579
10841
516
42248
37866
40019
-9435
18932
7347
29664
30400
-7675
39526
41250
22256
-12643
15536
29102
6307
28101
6671
16559
14654
2590
41581
4343
-19801
31654
16284
12195
-5389
-13038
43358
-1897
-20548
27983
-9930
-26158
-3667
12128
23506
6159
21227
30072
-18468
-5660
31726
-21820
29178
-8330
14101
40429
43178
24449
34087
34459
7785
38642
30596
17563
18694
-2689
9411
-10839
-19814
35538
-7156
-19079
33015
39016
40136
-9190
17185
5203
29951
22350
-13416
32240
35881
32718
-27464
-4432
-2661
-17658
35119
-16388
31050
30156
2703
-1105
31165
1516
22734
-25346
25068
33814
3039
15811
24434
-15267
-24064
17601
7182
39437
-19687
25988
27029
-23072
11331
-6455
38278
-26500
-1646
7487
-1428
