1000
7125
6114
6286
7393
9430
2724
3560
1602
6964
4436
4816
6189
8563
8586
5498
8433
6593
5084
9608
7985
5151
2161
2821
5817
1349
7911
1680
9692
8202
8751
5647
8060
7732
7844
4046
8724
2017
1515
5013
9485
5168
2559
4294
4638
2359
8004
3642
8356
2283
5622
9560
8655
7443
2853
4356
3399
5481
7026
8170
9845
5988
1259
8323
8230
4817
1797
1006
6583
9592
5837
6184
5826
9441
7765
4621
2027
8296
8574
4090
2867
8538
7979
7584
2018
2587
6137
5965
1932
1695
6851
5603
9729
2991
2659
3448
5142
8487
8941
1386
4078
9485
7426
6874
2803
5040
7790
4079
2108
5017
6825
3868
7875
4092
3496
7155
7829
3050
4235
5878
8959
4048
9723
5793
9230
3247
7338
5669
2531
1396
7915
2556
5394
4424
3228
5621
3907
5145
3095
2166
7864
9130
5209
2846
5303
9495
2989
1335
7639
6515
3361
3884
7895
6566
4798
4737
7845
9408
7668
3924
9224
7324
6750
7576
5609
5394
6962
1717
8182
6822
4072
7992
6045
2251
1854
6807
8918
4310
1989
1293
6832
8053
6237
9401
2708
5938
1115
3133
7790
1773
7945
4050
5594
5312
4832
2124
2682
5593
3654
5810
1273
1531
7067
9018
4071
8656
3467
5476
9575
4688
3015
2675
8416
3568
2333
7041
5734
9756
4623
9441
2290
3094
1425
8207
3593
3423
2497
9488
3510
4087
3322
4119
9910
5193
5848
1195
5476
8367
5756
6379
6290
1042
1110
8829
4599
9041
8416
7335
4230
5509
6995
1109
5547
1131
5544
1771
8126
1291
4242
7071
7565
7993
9258
3385
8058
8316
8966
1138
5703
9465
2445
2249
9027
7453
8812
5929
9323
8314
5609
3242
7283
9631
4028
5533
5029
7403
5460
5291
7924
8472
3108
6027
6091
4088
3695
9403
3035
2897
6731
4289
3745
5909
3808
7547
8850
3606
2686
6682
1383
6480
2421
1770
2968
8150
5268
6298
9234
7279
3819
2024
8643
8686
1184
6970
8604
5740
3633
3048
1199
4907
6307
3828
7878
5215
1569
9863
1618
6950
2493
6449
2481
1601
3743
5665
8343
8762
2005
2576
4499
4326
1811
9738
5371
1552
7768
8908
7086
3937
1104
5442
3450
9489
5132
8067
8273
3945
8389
2418
3967
1099
7260
5979
8470
9268
6092
1047
8224
7203
7645
7365
9000
8242
6328
3142
9422
6328
6355
7996
6715
7177
7695
4181
9645
9347
2043
9808
1259
6520
1060
2008
3943
8813
2879
4733
4907
2671
1699
5825
4562
2928
9594
7947
8619
8931
7673
2873
3981
6577
8176
5205
3521
9375
8729
3529
3051
4322
1938
9710
3749
7916
9996
3616
7849
7269
7433
6462
3408
8195
8235
4218
9257
1847
2956
6457
5916
8359
2054
7306
4711
3902
8319
6951
7374
6264
6089
6993
2688
2788
7649
5291
6587
3001
7252
6798
6076
3198
9362
2584
7899
4736
5090
8464
7496
5085
5871
8404
3955
4261
4822
2030
4635
3769
5915
2306
1026
8743
5004
2445
6304
8093
6633
8087
9267
6476
4038
1154
7709
3726
7050
8508
2497
9781
2108
7662
8693
9416
9115
6938
3184
2213
5919
8459
9586
5080
7666
4477
5585
9423
6689
8819
5244
1568
3763
4857
1542
3032
7773
8451
2429
1427
3638
5703
7444
9133
9495
5726
9390
9641
5925
7197
9686
3952
1511
7614
7530
6989
9791
3417
2367
2417
5271
1143
6535
2687
5819
6035
9110
2447
2932
8582
5181
6712
5781
4884
6310
6865
6345
1338
5442
5667
2255
7383
5877
2415
9502
2381
6207
6571
1760
2536
8176
4277
8616
2597
1948
4657
1897
8633
1933
1351
8356
8430
4280
6637
9580
7903
6620
8612
9968
1513
9803
9771
6450
5916
7353
7387
8784
1830
6123
5267
7386
1348
2075
3448
5087
2591
2841
9712
4465
2253
7243
3793
2523
4224
8314
5027
6963
8846
6884
3455
5269
3888
8363
6771
3354
4085
9058
1329
1091
3417
9011
9605
6086
8104
2283
1943
8026
2689
8015
7286
5622
8105
8347
3300
1425
7888
7714
8448
2855
3467
4871
3387
5088
6138
7671
1396
1953
8925
1397
8173
7293
3217
2407
7524
8247
7057
7841
3776
5963
8193
1163
7451
4967
9075
1872
3218
1695
2770
6546
9784
2940
1708
1456
8213
9461
3152
3312
8241
3263
5424
5759
7956
7463
3240
9638
5277
6295
2022
6360
1719
8813
1045
3720
3859
4748
7566
5454
6256
2324
3868
2924
7473
7952
6884
8672
2625
9877
2182
8201
6859
6767
8111
1268
4826
1434
4853
5242
7491
9715
4892
8357
1278
7146
9158
8547
7929
8287
1069
6449
4238
7345
6984
2711
3321
3357
2181
3584
1590
9441
3010
3286
2966
4171
3418
6744
8904
9046
4068
3234
7714
7850
7307
8620
5762
5359
6508
8709
1046
8159
2200
7838
6663
2721
2974
6116
5952
6981
7995
8146
1726
4629
1640
1554
6006
2399
8011
5045
6362
8400
3697
9721
7210
7308
9410
6569
5715
7095
1441
4754
3972
6734
7946
3600
7333
8773
8599
2177
7614
4346
3069
2820
9194
6243
8053
1151
5393
4539
7784
1327
5416
2021
2484
6135
8689
8506
9041
5148
3528
6584
3819
2543
2841
7803
8271
7467
3198
3991
1260
9750
5660
7855
6204
7980
6734
1978
5316
2129
6380
9183
8824
9326
7291
3258
2741
3969
7865
8698
8712
5003
8904
9481
4160
3220
6823
3238
6982
7336
7799
5115
1966
3210
8725
9372
4582
1944
6381
6865
5061
2586
6499
8159
5544
9172
8937
2371
7966
6384
1769
2594
5506
4400
2026
8732
7603
7688
8820
6462
4698
5781
7714
4958
1267
4472
5339
3978
4171
3656
5937
4243
9528
3815
7218
8650
2482
4802
2710
2779
4105
7520
9287
5137
2859
5511
3379
3196
5813
1878
2255
7442
1956
2191
5773
5487
5285
4227
4019
3829
2840
5730
5914
9750
8844
4876
2971
1547
1885
9169
4914
7126
8230
6322
2430
4741
2139
9631
9057
2975
3055
3781
8597
3490
4995
3605
4036
5033
6221
8176
1691
9326
3247
8710
2222
8151
3444
8314
6659
3542
1516
7752
9483
9698
4878
3661
1114
5240
6125
9089
6941
9574
9629
6739
