280 17
590113
308365
-840061
937476
-545614
-730506
56269
494899
-267613
-918809
744451
569003
288214
-732967
-470039
-875267
635567
-616943
696887
-469004
260431
652321
-452852
214993
610459
960139
423053
-496513
-469769
-363619
901497
822581
-50503
970261
149183
-634329
-85486
381659
529174
-894259
-307641
-110669
280928
-497831
900473
-521179
-536051
-225119
-365174
-687718
-389875
-419607
312313
675541
-627071
470934
761236
251287
-154369
-109843
-725891
880909
904361
68885
124367
917803
-978811
929152
-110641
126229
830411
-863851
-563339
973901
-49379
587057
61169
772050
-752134
6563
460853
367689
-862225
722459
-171541
-903026
-1679
-644532
492933
143281
-394564
325307
-109049
-111032
-799727
682637
387859
64007
-23689
642973
-516811
-404672
-596261
-924775
916061
-7762
-513663
-525588
-473257
345511
914524
976816
-894067
729331
969179
614219
-244975
641279
546719
-266603
162505
247301
-774791
850961
339448
-4373
881473
-780460
461110
-253706
317373
716459
158287
-130456
74739
-459341
-210684
-848206
661218
669032
759029
544363
8965
-796104
-807949
83999
755602
177949
90348
433924
264029
462856
-333285
-53623
839702
-797557
109537
-536279
82217
-733963
92045
-779517
902166
312043
220387
-985901
134851
844369
-675295
-122051
902733
737873
-453143
697267
-680618
-550127
-635801
-390989
-480587
-279249
802486
804821
-32441
929695
-102551
712681
-840875
-541965
496211
-984421
-162264
-514651
-723907
-985631
-195606
330439
359937
-350843
697979
330679
239295
652917
-654799
-737997
262132
7237
204511
-211151
-58488
6781
-703559
-78541
71809
-277999
-410876
964414
-222367
-63949
-72444
39775
-785651
983429
-737779
-465721
-741857
-918613
-33591
919719
709072
-256137
-726599
748133
641445
403253
188997
906089
-941247
213949
194506
420675
-290975
-382087
764422
-912124
679067
-880027
139798
703123
-755663
160733
119251
-753970
883241
778522
551664
-632221
-811499
-598799
581921
-17
920536
531871
408035
-832430
-531085
192377
-846647
-241483
-44711
353014
-822833
-324391
619189
-354353
-73438
588121
-374333
829627
226518
792163
