10000
372 290
499 452
403 316
381 268
311 123
311 151
392 282
337 261
131 381
363 225
253 207
496 366
271 248
112 252
389 332
233 340
433 310
411 103
211 256
225 376
391 125
488 109
334 477
498 382
214 412
244 369
471 124
229 164
179 490
265 126
430 454
118 218
336 168
437 167
363 437
225 482
265 279
146 377
198 172
436 339
244 405
431 260
106 340
295 318
137 250
466 441
467 445
412 323
107 404
153 432
434 331
406 157
335 192
373 280
220 190
302 367
290 109
105 374
141 462
417 332
255 162
143 320
236 366
270 473
177 497
115 180
154 480
338 281
192 318
431 251
464 147
437 491
140 439
206 313
205 366
195 443
224 142
207 137
299 346
171 300
434 191
419 137
492 399
409 308
323 212
111 306
458 344
297 350
174 203
183 436
242 336
485 415
376 463
234 139
167 185
229 262
243 315
231 249
453 389
291 411
296 348
269 128
414 144
295 153
302 139
314 241
238 202
238 101
456 481
285 403
459 352
385 116
264 449
492 454
202 392
273 148
240 392
194 332
299 371
109 403
276 251
115 459
482 385
383 206
230 275
243 380
200 295
310 331
205 258
308 138
120 406
282 348
269 215
475 253
347 481
269 383
485 338
331 304
475 466
350 375
118 315
316 205
191 387
394 300
351 393
269 199
211 187
117 237
355 345
441 376
207 287
224 285
156 316
265 160
379 392
189 154
437 258
445 249
430 345
122 494
490 242
204 280
389 498
124 355
460 170
440 370
379 428
446 337
466 437
493 257
204 399
162 279
245 445
467 321
192 260
488 481
140 379
108 152
433 280
162 205
116 122
371 455
356 188
373 191
421 399
127 491
431 123
241 236
372 441
438 447
131 387
358 224
302 311
229 172
103 168
247 475
152 126
144 174
293 172
139 368
156 222
131 156
306 356
101 175
153 137
166 481
440 332
219 240
186 379
250 437
273 121
205 472
260 282
242 174
179 155
181 263
437 104
183 256
132 457
489 417
417 313
381 297
410 219
151 432
174 348
407 432
273 307
162 244
150 133
117 336
389 261
109 357
176 475
418 314
117 273
327 430
126 422
449 198
465 358
405 373
335 402
270 340
107 373
137 369
355 498
294 156
113 364
361 123
467 401
218 188
121 383
163 154
372 221
305 334
261 194
395 216
170 149
244 377
116 445
475 140
286 222
270 200
387 155
399 326
244 275
271 433
256 264
221 267
351 119
440 301
294 475
188 343
147 344
389 101
108 123
456 101
370 120
355 178
271 323
179 170
167 366
414 367
482 302
103 244
181 286
305 332
214 205
396 144
495 438
294 123
125 446
138 126
480 397
315 199
181 323
396 297
378 354
395 163
395 446
445 391
393 448
436 106
448 238
323 372
492 301
239 342
315 305
310 202
433 244
211 144
417 371
463 147
378 317
139 427
388 372
192 480
441 243
414 320
125 139
425 433
283 311
419 179
404 216
172 413
278 250
280 354
490 421
271 236
323 406
398 215
129 410
229 365
276 230
167 109
246 205
278 172
459 349
168 226
195 219
286 281
404 160
408 229
471 348
233 478
168 473
124 475
223 468
204 282
114 234
220 204
488 299
103 349
464 195
495 486
158 111
239 379
346 250
270 454
487 381
243 125
110 127
336 349
279 271
483 140
318 291
201 404
300 495
328 315
211 357
254 221
453 378
290 119
370 292
281 373
313 170
363 427
391 211
468 419
249 351
316 321
124 103
405 128
268 464
259 326
159 404
179 124
406 387
328 117
322 275
154 112
381 457
488 302
300 217
419 127
436 275
461 148
393 126
312 146
221 410
348 310
331 300
212 104
289 369
180 409
178 296
288 492
261 488
490 177
399 108
338 332
214 347
194 297
123 259
491 420
114 206
191 468
401 391
418 474
374 475
182 468
306 316
187 296
334 192
124 157
246 430
165 212
324 117
442 312
409 383
290 381
372 192
287 174
191 169
252 286
275 381
285 477
262 102
431 275
467 242
200 213
161 243
315 175
327 359
243 306
476 329
461 208
386 419
431 200
156 383
304 183
371 445
113 196
487 131
105 168
101 161
319 491
432 480
483 199
434 340
112 170
371 385
323 160
258 241
380 120
463 153
416 212
106 279
313 274
194 125
196 335
280 285
210 383
301 108
156 449
177 384
479 404
458 156
100 209
216 421
389 101
102 160
107 161
404 134
406 146
214 154
103 364
301 115
126 416
159 283
358 247
100 416
301 230
464 178
342 231
305 270
487 262
217 135
216 231
190 113
393 167
111 239
112 184
402 309
400 328
440 164
400 451
105 450
346 129
140 379
238 472
347 279
301 277
122 350
125 341
486 294
127 185
415 380
371 471
400 132
124 223
390 331
477 117
438 420
294 112
262 150
271 227
436 175
199 191
469 203
294 112
244 355
398 102
453 189
239 369
278 377
404 134
371 190
415 474
174 140
115 142
108 151
405 149
126 182
315 338
487 338
496 250
101 361
345 365
448 263
323 447
278 190
474 146
247 388
244 183
406 270
191 396
176 229
106 225
336 413
426 396
156 205
472 151
255 403
274 148
154 320
196 330
186 268
471 174
385 279
437 123
347 385
348 259
164 312
455 462
324 470
170 280
410 420
247 433
235 157
487 492
229 193
279 129
241 229
161 386
378 290
119 302
449 388
318 125
273 111
301 397
192 248
474 351
332 461
239 399
241 136
163 111
391 219
459 281
441 262
379 268
400 360
244 154
233 276
477 418
315 185
343 383
198 137
179 226
401 209
326 380
396 182
139 373
351 394
331 140
121 137
359 387
310 322
162 337
494 402
481 295
149 498
299 104
313 389
141 264
382 465
208 103
225 220
239 279
116 282
488 470
117 123
335 118
298 181
163 190
472 137
397 100
265 311
499 276
385 152
227 139
213 413
459 358
202 436
258 489
470 315
455 301
468 103
144 420
251 121
298 179
160 440
317 217
155 327
348 371
244 197
435 200
207 240
472 103
100 344
444 241
312 266
494 276
264 422
421 278
159 274
465 195
216 255
368 379
234 338
350 393
322 283
123 284
449 104
210 383
145 221
266 117
323 136
469 169
390 366
366 278
260 432
230 396
261 254
393 314
283 434
381 404
234 157
354 344
181 264
168 299
490 446
345 387
379 401
362 472
390 397
404 144
132 233
436 422
158 273
156 265
488 106
248 267
396 340
459 305
393 308
471 277
432 379
248 471
326 316
437 413
361 148
343 159
278 378
232 336
105 297
308 408
102 115
157 112
199 386
182 341
196 310
373 171
148 423
465 126
250 171
160 480
439 102
165 428
209 358
119 453
119 255
380 429
348 318
389 107
144 476
140 130
288 274
201 128
311 185
158 490
369 216
261 119
302 463
130 235
464 261
290 133
219 307
166 377
423 494
435 327
126 404
148 473
147 467
463 493
190 363
226 113
494 269
491 234
358 176
298 124
260 283
440 427
161 483
192 345
396 241
433 383
357 375
106 155
261 295
460 232
283 417
182 477
251 218
196 361
447 484
379 231
153 101
257 171
355 361
200 452
450 468
152 427
333 431
455 291
276 259
438 384
452 305
300 168
249 283
414 237
466 158
289 354
369 268
429 484
120 413
407 323
498 215
459 192
225 100
453 298
226 154
199 408
287 248
118 134
272 149
304 442
165 234
118 402
464 373
182 114
452 395
186 452
460 285
199 265
302 259
277 397
457 427
442 317
285 319
110 322
489 433
291 419
220 311
229 308
189 314
205 379
115 475
108 467
436 396
103 448
347 203
391 476
270 133
243 182
269 182
467 293
360 305
156 455
159 360
215 180
227 438
461 414
353 245
248 286
110 451
246 279
354 269
337 486
299 258
315 108
318 486
319 299
386 206
243 116
467 295
144 423
405 486
118 292
299 333
237 482
293 208
395 120
384 459
347 363
395 289
343 216
324 126
201 153
178 170
301 243
400 102
494 444
464 472
382 355
392 262
123 207
286 422
250 299
169 253
135 214
269 377
195 256
223 181
463 436
292 419
360 275
222 123
498 218
480 491
486 260
356 376
121 204
240 370
100 415
478 366
136 473
481 120
438 266
453 410
410 257
278 134
373 289
177 359
259 478
182 143
167 149
293 363
224 344
255 106
202 465
343 212
220 454
196 176
345 449
219 136
100 274
316 244
402 306
243 249
461 178
455 181
268 317
394 484
471 398
163 311
381 413
366 444
340 279
425 206
174 335
422 208
199 344
280 442
151 276
138 261
105 181
347 170
281 262
293 314
456 409
170 440
218 182
288 343
325 213
174 198
166 251
144 401
332 254
475 205
388 448
181 428
137 156
381 154
454 459
141 274
448 371
410 300
165 320
350 425
352 222
278 362
493 481
405 455
397 333
201 380
211 317
475 309
443 427
419 304
144 263
122 418
262 182
295 409
418 329
433 463
350 230
280 250
467 108
375 204
247 419
302 471
431 331
128 381
375 267
107 409
175 438
101 374
188 379
277 153
260 116
286 234
487 189
242 395
309 432
190 369
401 347
117 230
416 437
107 247
416 163
425 247
256 270
131 408
216 366
159 225
186 312
425 188
381 179
338 401
299 475
285 421
113 398
491 353
275 118
293 484
208 367
477 110
206 317
170 227
246 129
291 199
282 494
389 348
345 275
454 305
189 316
399 118
146 478
114 271
158 455
441 427
333 380
328 184
474 177
193 258
280 109
262 202
437 383
233 266
295 398
254 401
218 496
203 174
138 172
362 132
216 448
287 238
229 113
470 389
398 167
283 365
273 399
491 334
351 370
299 405
179 333
391 296
390 317
102 332
379 119
304 342
116 275
118 218
135 215
312 132
136 146
216 419
333 431
209 458
331 224
211 451
142 247
209 298
491 185
107 151
132 288
124 255
131 438
191 211
244 186
379 482
459 480
177 359
306 270
150 260
402 213
377 399
121 250
435 281
149 335
116 102
229 339
288 426
397 321
340 154
305 136
454 306
267 325
230 216
317 423
475 338
461 120
299 419
261 364
388 445
200 258
147 321
278 233
111 416
146 205
312 423
101 208
416 123
372 323
202 303
444 294
220 360
256 171
385 252
384 418
317 460
342 223
438 124
371 387
238 354
382 325
263 250
481 261
130 157
366 361
399 192
174 101
172 381
113 454
339 209
227 305
480 233
287 151
419 285
188 217
180 160
328 320
469 400
335 399
130 142
154 313
137 324
118 259
414 477
171 216
385 119
248 221
268 277
433 204
498 398
289 322
490 139
426 294
474 130
471 442
101 406
104 463
425 128
396 413
418 387
458 290
399 345
218 420
442 471
426 215
491 201
481 494
486 467
479 306
101 194
319 369
436 201
386 106
108 184
247 407
273 327
398 291
124 262
113 284
381 136
200 329
147 462
228 353
222 334
405 420
248 102
290 252
372 154
494 481
254 342
110 321
455 122
392 256
194 256
213 132
323 213
203 244
105 303
318 283
177 136
271 116
107 298
338 149
211 119
147 191
362 236
133 453
338 214
133 353
235 329
401 282
379 206
233 288
358 219
263 320
429 129
400 139
482 100
118 216
485 450
326 287
307 278
205 324
417 184
439 335
140 476
465 141
174 488
114 385
465 135
379 199
255 492
256 404
296 204
164 105
496 451
469 227
466 383
105 185
463 239
131 443
200 150
263 178
450 288
275 126
285 169
307 147
150 405
498 238
288 279
497 119
467 373
466 376
319 277
477 103
123 297
214 132
435 152
355 137
435 382
220 277
383 446
105 255
276 176
289 411
319 130
254 164
367 395
436 384
438 389
197 448
178 437
377 472
487 261
324 382
171 154
242 329
368 279
206 477
389 353
288 398
395 183
442 100
305 438
332 167
431 151
416 179
227 314
399 255
288 180
308 145
310 432
139 392
457 402
112 446
410 339
252 174
309 498
100 290
477 107
157 279
221 413
486 229
175 185
379 493
171 467
405 230
274 136
465 295
247 464
432 366
284 109
287 427
119 143
330 409
247 359
297 282
243 370
436 305
273 412
181 375
211 362
118 293
390 218
295 407
238 456
203 251
110 180
268 249
349 385
350 495
234 368
278 249
178 395
450 355
194 102
165 468
412 385
265 312
294 175
210 330
132 306
159 366
339 439
287 184
193 277
187 215
456 402
433 464
154 327
339 143
170 287
147 159
183 270
471 485
492 100
434 175
220 382
419 190
394 203
180 347
436 121
234 128
262 108
454 248
359 286
189 136
428 160
354 211
237 260
116 218
306 116
169 265
119 174
193 105
190 235
305 427
466 472
247 153
172 193
151 373
455 286
443 121
359 104
396 257
265 245
248 237
217 407
459 293
188 241
359 131
117 268
141 352
480 115
190 300
363 269
142 193
422 305
209 110
181 300
365 213
449 285
203 325
238 172
229 314
492 195
346 331
436 284
452 177
486 438
403 136
447 264
107 259
206 265
371 242
451 289
156 364
103 374
406 315
266 170
121 299
372 463
303 489
150 313
346 376
494 192
138 252
223 430
304 192
134 428
258 111
119 175
419 231
206 212
410 427
328 296
289 371
328 456
203 190
104 442
166 334
234 374
102 340
289 155
484 144
215 329
192 360
399 197
393 233
296 494
434 260
327 458
238 340
330 388
364 398
472 485
260 246
484 454
228 133
321 126
159 241
469 212
344 319
282 437
118 207
270 370
100 310
192 334
483 148
154 240
276 182
102 223
177 470
183 498
404 457
450 110
178 479
473 455
259 196
272 246
297 243
452 459
446 121
280 349
360 412
441 436
447 363
380 375
165 293
181 172
425 187
318 258
207 243
378 366
308 348
171 193
491 419
333 101
385 187
276 401
377 123
129 288
455 348
248 486
459 445
112 471
257 202
456 411
250 379
397 136
276 318
382 424
254 198
349 231
178 292
387 449
156 315
447 273
269 310
368 114
102 115
468 370
269 479
203 486
137 310
294 185
329 389
267 180
104 411
359 206
285 199
207 287
424 384
127 418
403 433
171 280
315 227
330 157
322 460
359 430
190 289
399 441
499 205
150 209
364 175
375 391
308 293
185 359
223 266
170 150
227 431
234 488
407 213
464 499
155 385
486 334
376 195
320 145
419 195
117 478
405 137
495 237
100 446
437 163
478 196
329 199
137 404
488 380
216 399
323 382
424 235
379 364
413 266
127 484
498 222
247 139
248 283
404 237
485 156
395 477
427 193
201 361
303 174
111 273
357 455
405 258
187 490
110 463
158 308
439 197
324 484
264 381
106 201
182 339
365 387
209 417
151 382
177 268
234 491
105 408
435 307
383 162
242 400
474 186
412 248
479 360
365 332
290 135
307 319
361 172
392 282
393 405
388 455
485 155
223 483
261 157
364 417
153 172
126 254
424 413
208 498
365 188
285 311
264 433
380 475
111 209
197 457
139 463
486 353
123 419
472 160
103 255
327 469
364 126
360 129
235 127
491 364
284 358
265 323
289 496
308 219
145 206
144 104
308 492
378 315
334 458
418 334
336 193
148 384
162 121
211 393
129 272
266 207
188 198
303 496
360 200
385 170
143 445
328 479
110 471
421 492
395 302
427 173
131 409
196 339
282 274
457 341
388 434
454 499
348 397
466 101
291 267
401 280
425 325
327 126
185 195
452 170
198 358
169 333
117 166
389 475
475 219
314 144
390 431
201 322
143 499
313 174
391 368
464 334
459 466
236 148
138 435
365 349
479 218
194 125
414 495
457 425
472 227
437 221
212 359
174 418
243 464
219 124
402 493
209 484
101 275
325 472
380 338
396 472
132 109
415 137
375 108
188 217
279 261
484 405
192 439
412 305
124 116
431 249
327 103
211 496
321 174
123 152
267 274
373 335
283 240
405 460
166 280
157 430
340 450
190 463
414 336
470 354
294 282
458 296
435 188
139 112
446 479
103 113
136 107
163 189
109 103
488 181
329 367
111 333
107 398
337 222
478 452
368 499
366 301
378 113
110 357
329 486
401 289
298 209
199 354
312 420
132 315
493 126
425 186
110 436
454 327
300 353
375 255
219 236
126 277
481 308
382 244
293 179
340 301
451 298
333 482
219 242
169 495
265 413
210 349
386 303
499 202
197 215
122 369
279 178
199 276
112 499
218 339
494 289
151 120
177 271
343 456
296 489
269 189
389 281
461 285
128 256
211 311
215 439
245 144
235 382
163 473
401 352
159 427
472 215
399 486
165 344
333 221
286 429
273 471
228 344
292 148
455 216
115 364
288 482
327 310
385 193
371 249
327 204
353 417
451 134
232 359
108 451
485 368
292 331
435 425
326 218
184 356
358 285
348 236
286 444
121 401
435 350
463 261
473 144
428 170
390 415
315 473
177 184
398 460
355 281
229 484
349 320
345 218
475 277
361 131
117 351
259 215
309 223
397 260
210 309
342 138
149 163
173 367
321 240
193 459
474 299
134 432
256 454
287 497
357 123
394 234
411 113
223 358
165 198
221 250
441 318
389 179
204 293
276 391
185 100
353 184
324 189
344 483
246 294
212 478
160 412
260 415
200 189
358 301
145 481
142 484
479 304
328 387
418 105
442 344
185 362
312 187
299 226
366 116
363 386
255 346
399 217
336 434
498 383
328 262
251 142
150 337
226 128
392 164
351 334
183 311
435 496
153 238
380 141
480 207
287 173
135 164
285 453
499 113
290 166
472 432
260 494
455 341
287 119
367 340
470 480
454 153
344 406
495 261
153 256
356 133
144 334
186 149
485 385
307 388
353 167
458 228
297 166
340 150
402 118
489 325
212 436
140 377
345 321
119 188
260 133
109 222
324 201
183 461
374 447
114 347
120 156
347 100
490 400
350 436
120 111
246 362
171 219
283 491
127 197
421 466
339 127
320 265
331 469
170 106
274 114
476 359
378 329
411 400
322 269
224 251
142 330
416 275
182 126
111 126
221 292
220 331
438 164
171 123
161 190
340 200
126 303
297 467
383 353
475 227
265 125
265 194
499 276
268 238
469 487
196 250
435 418
254 227
483 100
104 447
126 183
382 377
279 356
198 122
495 279
410 426
408 347
181 235
210 360
261 481
291 129
321 477
324 436
227 191
174 366
125 468
103 370
448 341
150 180
393 404
281 434
408 339
272 396
106 319
312 177
219 400
495 202
118 340
138 189
292 383
269 225
378 448
282 206
421 378
166 234
471 439
458 413
181 494
446 409
112 145
161 447
389 270
278 160
334 123
283 181
152 452
409 204
448 181
214 330
406 186
185 220
368 103
102 466
236 368
368 230
400 265
121 407
132 426
195 318
206 187
437 330
243 213
161 499
393 378
207 460
181 241
344 163
114 145
483 157
174 184
280 242
212 448
227 261
380 442
376 270
491 318
194 262
221 284
126 328
376 438
101 262
374 257
365 339
209 100
368 414
240 124
491 146
306 452
479 437
454 430
455 367
324 118
170 275
120 269
287 197
161 370
444 341
251 375
374 290
463 428
215 314
129 199
122 182
129 205
440 311
439 293
245 220
363 433
436 358
296 127
123 387
486 304
195 125
390 153
196 452
150 289
485 127
392 101
154 290
470 431
137 354
328 319
107 414
333 121
399 241
253 204
456 401
121 109
354 412
163 318
399 367
390 402
425 180
424 331
256 198
433 229
430 324
115 277
197 491
185 300
370 352
359 164
438 218
355 277
462 414
184 393
115 340
304 101
481 244
242 168
323 240
248 344
136 241
231 269
167 402
309 379
185 381
499 231
216 253
417 242
341 493
203 289
322 495
480 161
348 446
349 185
416 326
265 494
315 477
213 495
276 137
479 378
308 470
123 442
188 106
125 201
486 297
244 388
203 409
229 198
445 286
141 361
130 446
194 283
203 227
401 355
116 464
460 435
185 472
382 117
478 433
371 243
360 259
355 131
279 122
490 340
376 363
305 388
347 225
275 193
369 377
377 472
264 244
416 220
407 161
389 113
408 130
406 498
112 418
454 150
443 243
338 489
103 222
111 101
129 281
330 237
245 376
266 307
494 110
161 105
370 498
234 319
471 315
235 161
122 455
137 341
160 212
365 236
372 150
215 278
250 267
399 393
271 432
252 165
367 471
350 471
481 459
249 207
342 486
180 314
153 161
226 167
254 239
360 491
416 123
406 168
485 404
296 339
299 133
420 492
374 296
313 345
424 418
480 367
224 361
241 349
214 358
204 471
140 325
123 241
303 336
266 434
396 208
395 356
182 128
188 452
170 476
183 354
225 209
168 402
132 401
228 207
350 263
345 485
382 424
234 328
315 485
259 458
303 115
108 237
327 242
408 226
390 291
454 302
124 172
440 330
495 457
427 396
208 185
413 353
251 406
479 296
289 263
358 314
390 293
292 184
180 166
277 452
223 209
186 349
445 200
101 413
197 468
385 191
239 144
182 258
264 397
144 139
255 412
415 168
413 356
323 349
148 239
336 230
110 205
389 484
494 469
450 340
367 195
171 391
319 301
150 182
284 111
354 310
139 360
484 421
451 437
273 196
121 172
139 420
194 318
162 278
388 476
411 294
177 198
432 115
100 281
265 326
463 109
380 213
188 236
194 336
113 460
128 434
258 364
216 256
138 400
115 449
255 369
405 224
232 148
324 177
273 108
409 401
382 400
354 476
205 123
383 344
170 281
497 289
376 217
489 115
492 240
347 478
308 156
293 365
237 134
162 349
490 380
375 397
212 143
377 318
491 280
191 430
367 325
147 351
160 389
105 330
196 398
385 379
324 253
220 406
298 168
482 203
405 345
189 138
273 490
267 476
183 191
141 304
326 120
351 431
441 295
391 281
145 236
311 219
483 473
499 133
101 146
128 118
350 478
497 417
442 326
132 140
420 204
455 274
360 131
214 149
390 235
227 473
167 324
413 469
300 318
301 262
488 175
133 270
116 225
165 364
102 231
331 365
164 346
351 194
432 275
157 184
394 262
133 423
374 172
442 322
167 136
401 421
140 183
352 417
489 399
340 355
102 155
468 294
105 303
173 337
291 490
214 404
233 364
240 271
185 296
248 236
471 276
213 440
369 142
418 347
491 196
250 133
202 440
260 395
163 137
446 476
495 476
105 243
402 201
480 461
266 162
475 433
375 223
232 470
479 436
332 273
391 284
192 185
306 236
141 119
372 399
151 366
452 465
251 246
376 304
137 118
118 356
407 302
229 136
110 356
335 393
465 184
440 453
362 255
493 109
382 203
169 402
337 456
371 487
230 461
195 244
435 452
474 272
253 351
223 228
299 282
298 438
275 314
310 177
454 490
195 267
459 211
255 448
465 232
232 341
296 104
351 321
283 338
211 133
384 192
159 243
489 344
133 160
310 464
362 145
224 278
160 470
129 157
493 432
484 264
309 317
339 117
477 423
365 422
238 418
387 197
376 468
425 271
306 108
164 210
346 261
226 351
251 140
467 104
479 197
171 327
455 230
459 491
193 391
100 390
146 203
137 392
214 330
476 485
233 265
277 322
447 256
463 312
332 100
122 140
374 434
440 210
185 316
350 121
472 133
441 264
280 485
387 239
128 402
369 138
285 126
465 336
248 478
450 492
459 410
298 321
308 155
288 201
110 198
298 246
122 190
186 267
484 197
496 489
392 496
354 380
246 497
266 422
394 220
387 378
366 227
225 219
312 149
175 492
335 275
183 397
420 232
169 418
305 468
193 316
410 455
445 215
141 174
362 113
164 123
354 217
463 478
486 191
425 383
230 355
380 429
176 291
426 491
202 177
312 250
480 391
263 382
205 306
383 499
333 339
226 451
363 309
206 248
280 446
216 451
411 297
395 223
484 184
317 453
363 135
475 385
167 380
190 458
288 154
287 180
247 389
280 486
131 379
211 267
315 389
317 169
415 197
279 322
425 113
303 116
203 493
107 112
280 223
133 433
321 330
154 102
346 429
478 144
112 471
177 433
159 455
286 109
168 360
357 429
150 423
338 260
463 263
410 349
456 365
172 164
444 284
334 281
374 121
247 294
181 210
179 434
153 495
156 335
232 324
236 437
336 157
387 318
412 356
145 159
210 153
275 333
120 425
311 408
472 377
278 454
144 434
422 362
340 436
437 255
375 304
314 229
396 146
118 171
204 129
213 473
206 280
118 112
276 403
410 178
408 136
305 491
260 495
240 301
447 427
169 333
485 378
456 345
390 408
318 359
413 200
351 146
284 394
397 429
482 473
406 482
497 320
315 298
400 207
264 363
251 132
466 386
287 200
412 117
175 468
339 205
416 457
411 238
338 212
288 431
459 182
330 184
380 390
217 487
284 322
237 305
485 136
256 310
270 119
104 160
410 383
269 452
382 393
163 113
241 379
420 372
267 490
467 158
242 308
485 398
148 204
389 465
129 439
408 351
183 445
294 450
141 357
356 209
116 204
108 172
267 176
199 105
458 262
115 451
379 103
472 432
432 196
156 461
136 369
306 180
357 100
177 150
400 232
271 364
189 469
397 382
320 203
142 360
364 214
493 454
496 384
467 180
458 246
124 485
381 478
408 332
218 433
454 487
146 395
312 240
213 332
451 193
412 284
223 157
217 104
351 379
224 466
221 301
270 406
375 253
293 226
319 310
123 165
365 275
214 271
127 475
379 173
117 429
457 125
333 385
446 327
488 113
177 406
488 111
179 442
265 282
363 320
127 420
213 481
126 154
494 127
129 363
397 108
408 173
423 417
146 448
276 343
466 294
497 268
166 428
164 195
463 130
370 467
115 356
272 129
291 421
424 406
114 493
179 482
223 241
153 402
471 454
139 215
226 369
177 360
103 158
353 257
350 359
308 202
329 177
127 147
338 357
303 340
370 396
397 257
112 393
141 344
104 384
289 156
313 211
413 150
308 217
157 280
131 120
461 194
162 261
420 427
419 261
248 289
216 366
119 164
205 319
409 227
312 235
239 474
223 334
262 386
389 491
121 402
345 148
246 296
112 173
412 326
114 330
485 269
434 379
202 419
478 234
285 278
487 173
233 415
341 392
344 252
111 195
113 235
103 244
235 352
367 441
116 301
478 137
437 130
179 300
286 232
112 295
200 136
125 359
338 313
389 424
265 231
383 487
198 220
322 108
392 403
324 470
484 263
247 356
343 286
282 300
218 157
470 482
467 362
371 125
166 413
294 487
152 485
357 434
174 264
236 379
329 272
333 104
418 258
116 264
350 106
209 440
280 345
230 122
205 429
489 139
402 164
463 217
122 402
297 253
147 379
253 412
180 264
275 238
450 200
319 463
113 436
147 302
353 425
105 133
281 373
406 245
300 283
315 461
335 176
151 114
494 238
369 153
490 248
403 427
411 140
224 104
298 193
378 326
416 310
179 367
211 136
217 488
443 144
198 169
345 478
103 444
342 444
402 239
162 497
189 302
430 420
486 130
259 319
471 434
370 299
331 107
351 262
254 376
243 226
137 478
280 347
314 332
205 358
124 192
342 385
480 378
164 367
167 378
433 354
422 250
121 106
391 455
464 478
174 107
442 137
462 309
241 252
117 361
150 167
137 304
452 128
309 237
320 109
276 418
158 397
416 360
141 353
161 499
125 167
101 178
407 478
367 151
391 469
224 307
216 373
303 332
391 333
263 308
423 369
140 189
467 236
100 339
145 346
458 391
228 106
190 299
124 202
456 416
420 323
158 299
215 429
319 447
464 338
126 404
475 242
152 107
218 401
116 453
431 123
438 358
317 162
164 306
420 266
428 446
317 333
446 329
446 382
325 210
463 216
201 381
148 479
245 110
451 287
232 454
184 252
275 174
194 297
493 338
427 493
265 253
116 263
161 144
407 109
450 309
389 279
340 304
418 430
225 350
289 262
212 338
393 149
302 222
227 355
121 443
202 377
115 309
315 333
493 305
108 385
165 422
497 244
190 334
369 452
135 163
237 172
397 410
425 196
471 102
479 242
231 317
143 408
367 454
475 289
284 420
295 262
429 448
186 407
469 164
107 358
273 192
481 395
276 238
211 455
173 307
443 227
434 399
373 469
133 292
288 239
221 458
212 442
251 275
199 241
131 406
481 389
101 380
289 452
336 426
306 193
410 160
105 216
187 223
144 499
421 426
371 217
241 259
363 268
251 430
299 220
354 125
251 234
339 322
218 195
207 221
347 379
445 341
343 402
490 481
253 144
158 223
458 347
355 467
453 221
371 161
155 388
440 429
260 466
303 429
254 328
123 474
148 274
261 157
431 279
128 381
285 475
130 175
425 187
331 242
139 287
352 269
341 102
338 294
185 481
394 259
354 218
372 481
436 131
100 142
151 427
273 268
470 326
393 436
345 497
267 122
448 162
132 457
380 324
360 474
444 135
211 136
196 276
290 226
111 335
229 300
180 457
425 130
413 216
444 119
209 201
284 483
157 100
296 463
275 352
441 447
298 101
175 372
473 237
394 156
339 170
203 225
473 107
465 278
175 236
325 241
244 426
384 291
265 183
100 223
320 102
352 199
123 470
271 225
121 201
252 430
391 258
465 180
105 231
324 216
334 171
494 259
440 320
269 367
396 108
380 309
466 245
180 478
234 107
368 217
433 205
181 399
474 328
442 312
322 467
315 336
192 440
156 485
413 375
386 278
234 440
451 368
224 336
329 485
462 441
202 226
268 200
418 185
402 413
294 430
259 177
369 436
429 330
295 283
447 473
490 111
269 223
260 139
350 257
330 189
175 147
165 200
190 418
442 452
306 258
386 160
128 249
157 299
425 338
311 114
359 135
151 355
263 156
440 230
127 384
212 288
190 239
460 201
157 437
166 296
334 205
419 164
212 333
467 369
390 376
376 132
490 297
469 238
182 311
155 282
206 411
322 419
202 109
151 215
465 245
166 112
180 378
123 219
405 182
125 195
228 377
192 392
408 394
357 249
482 447
111 400
490 299
261 220
247 186
284 480
300 306
421 303
162 477
476 204
216 197
223 356
245 354
385 278
223 404
419 309
432 481
350 245
227 377
431 116
381 327
486 447
193 140
367 120
337 408
331 296
342 279
410 455
259 456
201 280
299 103
261 433
404 376
497 306
248 199
409 402
297 132
281 436
410 252
439 461
168 154
403 155
285 291
459 142
441 352
422 452
381 349
365 155
204 194
222 396
206 379
127 382
141 321
190 378
117 408
457 164
374 325
178 337
143 255
249 478
474 117
311 271
444 230
363 351
479 438
472 479
160 258
473 135
199 113
120 281
496 114
315 281
356 486
334 421
126 309
243 496
174 254
317 454
440 308
368 149
177 477
411 243
348 415
113 282
175 148
244 251
172 193
378 479
400 212
273 474
376 320
178 157
266 349
432 191
227 353
241 407
146 140
390 365
363 440
466 380
413 444
190 172
416 149
437 417
414 484
185 111
228 417
207 296
186 411
316 237
448 476
220 215
402 119
124 162
467 482
124 343
473 142
373 384
147 438
207 188
496 331
197 149
365 450
156 445
449 198
204 356
183 250
170 315
420 329
279 331
237 131
249 136
264 323
102 364
400 239
397 102
233 173
196 315
138 222
312 275
388 373
356 419
139 344
457 336
416 360
398 460
198 150
442 359
495 181
498 428
117 497
397 158
213 386
460 427
385 484
403 217
212 121
320 170
149 255
237 301
177 445
398 338
192 480
180 369
271 328
169 301
161 136
164 125
174 237
192 207
232 116
407 175
176 443
179 194
273 210
144 460
349 318
245 430
449 173
335 488
128 179
203 409
247 182
126 496
229 437
249 304
272 176
314 438
389 161
481 318
457 486
446 272
413 326
348 460
492 266
280 185
176 131
420 145
282 161
281 213
432 276
235 279
166 158
263 342
261 338
275 479
428 458
424 324
358 207
221 313
422 498
239 355
128 410
460 331
178 241
285 317
186 489
256 359
243 261
179 279
437 271
412 213
249 436
324 463
299 339
445 147
159 115
456 428
237 161
261 178
446 218
256 220
255 359
379 463
361 222
247 450
466 360
206 447
492 484
200 301
180 432
346 370
123 154
244 331
330 184
141 486
221 335
184 339
255 427
329 258
403 171
448 199
162 419
436 229
313 126
380 458
319 168
317 293
232 358
437 398
462 447
198 233
306 205
368 498
394 440
473 423
204 158
436 256
477 471
439 469
247 185
400 274
408 455
411 277
264 461
455 251
259 394
450 271
327 339
405 429
239 310
194 216
338 431
375 265
409 171
380 329
288 339
489 362
457 429
106 100
129 396
187 286
499 245
135 388
225 374
393 101
282 137
419 195
268 323
428 384
353 416
195 177
432 461
329 122
406 478
469 440
220 175
204 256
146 221
480 175
333 423
467 206
134 175
101 159
172 339
394 303
461 299
184 376
273 318
442 498
170 294
290 267
414 339
150 190
453 326
475 480
314 239
415 431
186 349
112 475
499 342
279 310
380 443
431 367
458 311
347 162
328 412
177 145
133 383
492 442
271 141
198 295
160 490
330 273
233 418
472 260
331 224
226 328
305 129
330 144
466 489
356 184
152 301
449 287
277 204
212 383
344 233
328 440
176 228
166 497
433 216
370 354
399 194
382 200
131 155
458 429
151 317
436 367
222 441
415 263
106 447
264 183
436 260
265 444
177 186
464 404
419 365
132 165
438 190
396 206
105 368
250 129
455 325
295 162
150 485
422 202
475 213
460 439
432 264
341 157
107 322
144 333
195 468
447 319
272 227
170 217
154 233
351 108
208 114
305 328
416 330
317 117
113 296
162 328
230 113
294 392
494 276
468 376
407 244
163 137
107 382
390 295
150 127
467 387
436 214
216 461
311 427
411 325
453 183
210 472
399 141
319 385
159 111
371 225
355 214
130 434
358 340
152 333
143 230
134 441
108 492
222 497
156 421
401 169
195 465
333 430
107 145
253 328
376 489
135 220
309 450
392 443
448 473
138 315
369 304
151 476
282 224
276 488
413 308
325 379
209 224
149 294
135 256
127 244
347 264
406 277
336 350
212 394
383 308
423 358
152 475
235 114
257 283
295 180
365 450
117 440
387 106
187 348
154 333
219 403
147 298
141 328
124 327
385 151
469 242
355 477
473 419
390 352
249 457
393 116
332 375
460 318
354 101
183 435
478 339
417 496
384 247
341 220
401 364
246 342
224 112
195 211
179 100
192 275
441 107
217 299
233 474
179 377
461 186
261 198
460 208
107 198
319 250
327 264
198 481
188 403
199 426
341 200
380 371
164 220
466 210
123 203
316 438
165 177
183 268
334 247
283 211
128 431
360 294
431 125
497 430
207 198
159 400
280 100
377 461
303 123
139 435
305 214
332 366
428 226
468 314
391 201
433 325
294 289
336 318
256 280
351 271
284 202
314 401
385 403
431 120
415 310
196 235
436 103
434 238
126 106
381 166
447 314
175 405
348 189
219 495
443 256
159 256
187 449
250 164
465 323
278 413
488 299
106 325
307 324
149 418
463 484
388 382
115 397
280 149
440 158
274 128
281 499
125 177
336 448
336 213
416 385
222 450
128 437
169 124
494 199
275 176
471 397
169 262
216 169
400 457
451 132
333 402
276 308
220 468
444 240
167 398
372 123
213 254
497 348
142 257
316 360
362 394
444 402
216 342
280 373
459 124
400 166
481 150
110 426
340 292
300 137
474 254
126 329
271 236
311 104
270 310
180 332
355 473
151 221
438 490
322 335
120 125
179 384
261 469
400 254
478 195
337 408
273 200
211 143
413 305
305 493
364 276
374 409
274 107
393 105
311 236
420 286
315 244
255 248
158 214
496 211
348 136
392 112
377 407
256 470
109 246
306 363
411 124
356 338
193 104
383 360
203 496
408 191
319 482
336 199
188 211
476 385
258 130
418 402
409 299
292 382
468 313
349 232
195 413
364 359
297 343
323 131
286 403
162 447
234 335
457 146
173 146
382 214
296 317
346 196
368 323
435 363
263 210
346 120
303 425
263 207
197 478
151 285
419 402
222 307
224 258
434 320
497 482
298 173
260 413
434 200
236 472
401 425
246 321
182 239
321 350
284 107
181 438
170 332
132 169
142 389
254 338
414 452
117 337
478 173
458 285
336 412
427 109
372 391
484 427
121 104
351 475
102 143
331 158
381 183
147 466
237 305
203 275
151 223
202 395
184 358
135 332
454 171
471 227
475 264
175 407
267 116
177 458
458 241
179 169
378 123
266 203
240 390
241 152
141 255
426 175
451 287
356 310
339 170
200 341
379 367
249 373
385 341
380 337
362 472
101 316
495 106
359 437
404 366
320 330
180 364
205 294
447 392
450 114
291 219
200 171
308 235
232 324
483 257
434 441
314 441
228 202
213 280
131 242
395 370
172 244
133 494
288 174
134 304
311 349
314 418
308 416
435 281
494 363
242 300
273 234
149 239
316 129
141 485
248 399
478 154
312 317
258 393
304 482
246 200
148 322
313 171
471 426
238 270
107 300
213 478
296 319
337 174
173 432
366 374
299 235
325 174
110 306
442 411
270 498
119 279
290 133
366 155
398 431
152 371
383 312
294 300
320 163
231 360
264 402
160 471
140 247
464 180
423 235
413 294
322 191
375 257
397 201
136 440
320 166
287 439
265 156
270 322
295 222
265 460
467 329
483 406
103 474
146 234
143 214
359 258
116 445
400 256
264 404
239 203
474 273
475 447
271 335
324 438
486 176
495 484
428 331
347 159
336 345
290 454
178 425
273 303
286 337
250 404
304 198
443 224
325 129
397 495
195 321
351 122
275 427
315 197
416 465
111 481
180 203
143 487
262 446
143 498
361 346
315 142
258 485
439 229
313 224
423 134
402 208
143 496
379 424
452 106
470 197
403 289
148 289
359 174
189 479
127 189
487 497
459 467
448 281
489 392
110 177
229 300
465 234
196 128
419 252
376 436
274 444
457 303
357 165
245 424
409 335
348 374
498 431
180 423
178 426
131 221
348 401
259 293
352 107
223 371
298 130
366 326
288 350
432 314
180 228
209 162
274 280
389 226
167 450
175 114
233 158
257 184
398 216
271 446
227 133
202 490
468 311
406 136
389 253
357 373
307 169
113 378
442 496
127 334
105 151
383 304
287 246
430 357
341 269
133 325
351 282
254 169
384 460
178 481
406 197
322 268
249 327
422 365
404 412
278 433
256 484
423 106
261 440
155 343
325 364
189 341
399 212
202 128
488 402
190 286
326 254
137 202
148 429
315 340
114 369
259 288
258 138
213 181
258 167
233 243
348 382
454 327
196 134
389 425
485 354
236 139
449 321
219 180
488 177
423 286
173 317
169 476
471 176
201 483
170 481
127 192
308 226
153 384
291 296
137 222
221 120
281 492
499 226
365 481
116 437
188 261
174 203
174 150
460 178
210 278
188 304
180 374
152 478
358 185
299 340
305 396
237 422
436 490
431 108
256 408
477 181
269 378
320 344
300 480
372 259
388 243
187 383
163 279
277 141
394 313
202 468
343 151
270 492
229 365
377 174
370 151
369 399
203 274
416 301
423 138
282 290
283 296
374 362
186 202
320 338
437 291
132 311
283 147
470 398
303 377
478 163
139 120
345 129
380 319
440 326
484 264
435 390
154 431
212 415
198 465
315 342
469 433
329 454
479 473
387 182
298 493
410 260
295 268
110 115
179 271
121 100
147 211
480 339
162 349
146 165
342 237
424 259
151 343
172 446
425 213
468 324
479 313
353 186
223 394
411 489
262 433
337 397
382 483
396 268
275 215
362 456
402 134
100 385
149 198
176 236
240 177
398 422
174 302
406 443
357 411
136 394
357 202
216 453
302 465
131 445
253 219
205 297
414 217
150 109
286 486
311 350
484 170
133 176
451 181
123 176
134 248
465 136
407 358
490 143
483 159
341 282
261 131
388 237
499 180
203 405
460 476
380 359
121 374
302 458
350 211
172 240
375 320
328 113
223 315
324 466
427 175
454 479
120 270
364 155
477 198
205 165
323 207
307 450
263 458
162 262
375 157
248 454
334 351
134 212
455 164
228 362
162 104
371 282
248 455
134 238
142 421
398 111
365 174
440 291
338 364
288 447
379 157
324 213
267 203
489 403
139 197
336 439
293 496
270 191
380 288
439 349
184 108
281 487
384 314
486 121
102 120
319 298
282 212
134 429
373 356
197 459
344 130
176 281
305 316
341 170
191 364
408 171
382 247
177 123
448 182
268 182
157 291
433 201
255 420
204 353
247 491
232 466
343 268
147 336
258 292
483 375
318 137
159 430
175 471
145 432
230 324
325 111
119 301
291 444
406 331
430 372
414 178
425 492
283 105
473 328
204 214
437 492
181 487
332 208
423 414
497 275
219 408
461 370
129 263
467 487
151 413
313 244
451 391
411 146
234 157
358 496
482 466
382 446
285 237
463 259
330 478
166 203
366 293
344 161
417 250
338 373
444 353
307 452
373 152
360 283
334 219
256 381
284 215
356 187
185 336
246 445
312 320
344 229
334 287
441 420
140 370
363 118
438 413
200 190
282 457
180 286
149 282
205 364
134 170
275 138
342 438
404 469
445 232
457 216
239 209
154 482
448 433
300 246
429 208
327 238
279 301
246 448
192 132
422 282
480 288
156 170
199 324
468 476
363 407
417 338
288 434
206 348
109 424
197 271
350 185
104 490
171 101
464 390
259 383
352 203
415 228
101 466
334 355
192 391
467 288
496 313
197 206
275 419
290 321
105 495
398 251
409 292
403 488
447 342
217 409
293 380
180 467
428 340
110 356
136 374
479 385
465 163
299 350
105 150
187 338
412 327
454 232
431 149
483 336
229 462
293 324
400 269
491 222
383 467
254 146
465 300
232 324
403 120
139 427
255 193
279 318
349 223
274 417
325 284
323 155
105 320
338 249
275 321
261 170
301 135
285 116
236 391
322 457
316 171
186 357
262 418
125 464
413 306
169 412
335 417
348 100
111 372
221 338
299 440
290 485
325 490
184 195
392 431
260 245
212 129
196 376
224 255
379 398
421 260
235 199
300 307
267 196
387 314
131 289
263 234
452 188
399 114
331 300
251 144
216 145
390 256
145 392
230 339
340 323
191 102
423 364
380 336
174 266
119 423
250 232
402 148
179 132
466 161
432 189
370 198
232 361
446 409
157 275
218 131
218 290
136 215
261 190
119 383
489 248
435 148
167 445
324 335
270 229
362 410
469 279
205 433
379 490
243 381
152 323
230 289
194 482
195 367
192 481
109 384
251 134
383 115
442 303
327 430
458 386
395 290
351 316
327 400
176 478
279 220
469 165
329 420
478 107
455 417
312 466
186 241
113 136
143 114
245 100
449 458
492 174
339 448
248 392
474 294
403 258
253 428
322 184
300 381
378 182
113 281
323 118
243 367
443 214
151 100
341 405
220 433
433 265
147 218
349 424
118 493
437 478
208 196
245 263
187 269
240 158
307 265
313 340
323 251
193 132
158 435
490 372
148 125
464 382
460 498
143 447
464 428
388 249
323 100
299 340
160 290
476 286
136 281
389 280
466 434
448 393
232 131
380 442
100 186
385 123
418 154
422 352
388 434
363 383
305 491
166 126
360 463
118 396
340 223
266 375
470 200
307 294
192 316
205 487
275 222
302 258
228 311
437 148
440 422
448 273
202 175
142 342
213 484
124 292
111 159
241 110
462 418
114 155
431 137
107 466
411 387
256 496
326 242
289 284
322 124
405 453
471 196
390 300
129 160
293 324
400 349
279 444
217 333
292 322
233 449
456 437
209 292
183 146
326 413
324 216
141 423
180 253
116 309
360 262
266 229
258 118
259 330
202 259
478 241
137 397
187 302
334 460
152 223
446 382
280 441
421 464
151 178
456 417
198 436
371 137
283 223
143 258
308 449
315 197
196 308
253 363
444 430
249 107
434 445
452 125
430 481
393 125
154 280
219 383
489 225
226 307
109 177
473 156
206 321
221 417
199 220
215 100
462 497
213 377
207 369
274 308
471 462
367 442
483 392
441 151
470 415
308 367
481 261
179 152
478 101
324 292
413 481
305 472
210 281
183 143
339 373
185 450
372 383
441 148
192 438
440 266
225 414
310 198
190 375
214 228
270 439
391 230
332 194
429 453
370 236
135 169
199 265
446 232
265 407
313 390
289 451
497 250
444 499
426 140
113 498
453 225
210 449
281 291
356 226
308 394
363 212
126 262
320 453
245 409
315 270
451 320
149 281
261 188
127 449
298 376
253 484
224 357
350 155
433 486
376 203
372 268
164 310
330 248
346 317
260 103
187 407
403 391
252 182
406 374
287 251
298 159
459 319
451 443
415 330
335 323
242 285
349 148
371 109
147 323
246 129
418 472
396 469
309 155
447 213
179 273
418 490
147 363
120 427
459 231
318 246
229 242
435 481
218 494
489 114
494 367
437 169
294 168
445 400
495 284
197 447
460 337
480 382
326 105
190 364
481 489
172 313
236 343
296 444
218 146
265 483
309 167
233 100
169 175
103 373
240 171
430 277
273 384
391 175
239 191
348 159
184 462
447 330
214 391
216 367
255 356
142 260
267 434
218 479
333 401
456 410
143 461
137 461
390 199
333 189
407 472
366 351
119 294
390 396
159 305
234 487
169 461
285 367
208 350
284 291
210 395
422 486
246 492
131 257
174 373
179 294
127 263
204 462
356 174
253 358
158 443
405 130
353 308
311 148
369 282
121 178
275 292
309 472
467 124
409 436
352 219
484 305
497 243
217 485
309 223
457 495
482 380
249 433
336 296
118 101
375 154
366 333
177 189
377 318
434 422
116 197
381 305
168 379
380 236
453 292
315 402
299 238
103 464
164 244
243 331
456 240
181 221
426 420
165 210
299 144
297 335
122 440
114 372
178 333
335 321
429 339
145 305
449 279
363 398
358 239
141 370
452 349
402 499
201 330
243 200
379 228
356 325
301 226
320 471
174 475
190 342
137 121
172 412
366 171
158 418
461 388
339 179
130 346
246 218
465 282
455 177
475 178
147 308
424 285
423 493
349 135
191 427
410 415
227 289
363 339
426 117
349 229
404 454
151 432
490 240
254 326
394 467
118 325
186 168
419 115
118 131
260 423
243 288
356 254
490 426
397 390
444 452
206 456
367 132
474 492
298 173
289 407
131 214
432 115
161 458
423 344
103 471
415 443
372 498
276 403
424 161
476 489
338 472
288 216
250 499
220 100
327 283
133 222
487 183
385 369
351 340
482 397
314 124
130 303
460 472
392 468
159 488
356 429
427 182
192 318
362 449
181 442
479 426
216 317
325 180
285 466
321 212
176 497
461 349
134 434
365 328
189 304
375 479
344 132
398 137
311 498
259 224
425 452
263 217
370 210
236 256
184 140
425 197
494 203
225 313
295 229
342 239
306 437
478 267
466 218
254 294
273 378
320 284
192 483
344 479
104 187
180 335
223 105
336 390
448 209
304 139
244 280
296 480
227 151
449 294
406 299
454 230
445 228
240 110
492 207
153 325
383 487
101 372
487 496
229 371
193 217
411 484
409 279
363 331
239 227
440 495
422 208
203 112
105 386
287 169
310 178
207 214
129 479
331 438
206 483
288 457
391 330
336 239
437 190
223 277
247 213
282 415
445 476
131 316
357 287
452 166
152 157
360 119
368 461
485 136
357 169
221 141
453 211
240 349
224 279
339 134
359 458
427 408
296 103
213 184
174 329
121 126
309 229
322 154
467 417
301 458
336 164
438 112
412 372
483 233
300 228
490 340
118 274
143 209
184 383
241 368
316 367
140 293
138 232
412 110
234 330
302 468
480 360
330 179
480 218
413 367
159 397
236 113
345 471
393 384
109 238
199 382
134 330
114 388
456 377
334 120
369 492
484 123
183 108
289 434
399 309
472 429
176 397
345 453
248 482
357 328
471 383
492 128
474 129
239 261
186 117
494 129
430 450
356 346
123 434
486 450
330 137
256 296
197 424
259 496
240 294
182 224
412 130
471 478
452 344
303 308
489 105
160 360
174 343
478 368
460 137
142 498
384 276
171 324
207 355
414 408
454 299
448 434
129 205
270 426
144 392
380 306
178 381
142 249
466 387
102 236
231 263
397 415
288 483
348 141
492 331
124 268
400 462
155 316
446 490
441 299
429 483
482 139
174 221
374 456
370 246
337 197
409 195
403 290
496 219
245 405
291 410
147 367
128 207
214 102
385 204
497 459
150 198
364 499
395 340
460 141
210 105
196 190
356 134
393 229
437 129
162 136
370 341
496 415
474 211
253 348
184 169
204 197
364 163
257 371
444 208
203 156
388 351
204 349
138 346
346 103
127 410
118 331
149 260
340 475
432 137
283 138
473 207
220 291
219 430
186 385
103 176
266 480
293 339
470 385
283 245
479 352
362 146
498 246
493 427
353 217
204 102
209 293
251 316
281 310
201 159
383 140
115 261
241 339
145 354
116 225
447 477
372 265
107 377
392 440
299 349
431 450
260 340
264 374
388 186
196 310
255 114
308 210
304 208
244 391
318 265
377 316
189 411
250 273
246 428
120 396
449 384
402 267
280 123
408 178
255 464
227 465
336 486
351 346
391 184
215 198
345 130
385 271
243 353
105 276
121 204
476 491
201 108
244 348
442 156
427 162
448 243
336 164
281 490
310 425
287 451
275 294
110 164
132 375
194 153
136 221
414 303
412 421
334 257
402 240
250 385
292 363
271 119
100 350
138 381
223 258
308 359
347 289
281 381
316 115
361 386
348 310
100 480
198 244
330 453
487 234
316 200
334 406
269 456
273 190
113 272
261 212
336 465
275 432
462 240
198 139
146 385
110 427
157 148
232 158
318 254
172 320
154 316
353 415
345 104
196 184
380 310
332 109
258 162
386 350
489 249
388 119
398 314
115 498
336 241
347 110
487 147
419 370
476 113
482 371
283 181
103 407
315 268
463 435
233 289
173 110
308 172
380 398
482 428
293 150
376 488
386 435
304 224
401 493
217 445
476 121
426 387
441 351
334 482
353 433
345 219
238 321
261 406
240 301
116 198
294 171
107 498
220 411
466 496
195 240
230 435
456 217
102 479
326 384
254 199
259 359
156 471
497 274
130 342
208 367
321 228
198 478
430 136
285 161
133 451
492 138
249 490
443 124
465 163
401 188
368 421
288 461
194 355
496 256
276 121
298 452
392 398
265 233
374 218
317 403
434 482
331 294
387 436
157 334
441 220
290 238
289 256
449 312
487 372
369 165
115 151
473 399
290 260
403 397
426 327
342 192
117 277
446 234
248 461
192 128
423 483
449 180
316 410
433 469
175 208
111 186
243 132
145 212
360 376
155 343
487 496
430 127
383 482
215 304
226 482
177 341
235 313
414 168
329 408
206 311
302 148
471 322
467 457
467 182
442 305
186 110
474 363
208 343
461 185
429 129
213 167
316 218
172 137
155 442
333 272
479 432
321 228
372 234
203 418
424 105
478 388
273 418
225 480
339 310
295 280
391 408
401 488
296 429
401 157
465 242
173 338
288 162
484 349
422 377
251 215
190 260
352 389
396 352
302 416
272 188
233 408
183 303
280 219
332 455
316 142
240 178
399 146
443 454
443 399
365 436
228 193
114 366
342 144
296 177
400 324
414 398
485 416
442 346
259 167
409 457
304 106
302 339
326 450
150 125
455 380
195 247
380 366
365 155
434 100
383 138
286 131
371 158
423 215
237 364
370 177
204 370
153 115
355 297
291 130
278 357
102 205
175 253
113 168
215 300
418 427
486 201
209 302
302 171
121 136
296 173
428 282
446 118
430 458
415 297
196 365
162 354
393 188
248 450
348 465
234 219
417 158
385 151
477 182
422 160
486 100
263 163
382 194
467 144
397 299
315 151
126 334
152 410
438 444
164 490
478 202
307 242
430 210
378 268
326 386
279 392
397 338
443 371
374 476
126 260
496 294
181 394
240 146
346 225
306 235
243 480
313 170
434 384
137 294
413 227
131 176
164 119
141 376
320 274
353 447
429 113
272 399
207 401
136 368
378 166
426 477
301 272
182 294
215 286
418 118
416 346
438 170
356 301
476 352
458 452
378 171
275 431
254 157
349 149
131 232
220 341
453 102
302 286
472 273
472 204
184 195
350 434
201 101
355 156
194 415
351 266
463 157
191 481
366 337
215 114
106 298
413 358
139 430
439 143
305 416
207 494
205 486
496 313
324 442
469 217
135 351
377 450
318 233
291 233
148 249
304 365
481 112
376 318
156 136
433 107
387 197
278 409
326 238
234 406
302 199
337 239
130 155
140 332
161 202
253 108
387 341
255 216
174 413
282 447
194 480
493 305
238 220
193 497
421 376
109 439
213 276
279 327
158 132
347 258
210 438
181 332
343 403
165 159
174 321
403 396
108 404
461 392
281 453
166 214
269 403
303 483
383 143
320 182
215 128
349 448
341 257
323 383
387 104
201 394
351 331
326 481
460 179
484 316
358 463
165 277
240 284
143 404
342 154
494 471
326 267
422 252
352 372
145 367
324 464
387 228
343 422
349 153
417 219
249 451
204 117
325 274
217 461
125 296
240 163
261 121
206 410
181 255
222 176
215 381
482 369
230 214
444 333
489 191
207 455
322 190
478 295
459 294
330 412
373 227
304 269
450 428
305 325
277 225
204 148
396 295
141 169
376 255
455 165
390 494
478 491
151 246
417 318
274 434
112 441
276 426
364 286
215 486
226 293
295 389
450 311
452 158
436 353
434 236
222 452
247 482
239 191
244 442
494 275
329 351
213 111
454 193
290 126
286 268
404 237
489 263
421 172
336 260
482 474
437 231
322 268
168 180
143 322
353 422
476 411
340 446
252 213
450 167
455 405
285 196
300 264
376 427
456 470
334 405
481 309
111 238
374 411
414 194
268 429
258 202
249 489
354 415
303 276
266 128
386 484
120 368
165 200
463 366
232 102
473 248
187 435
248 314
410 471
279 296
373 277
119 325
171 478
480 275
418 248
350 239
405 109
289 447
176 368
462 437
424 187
318 128
249 164
402 112
418 104
415 220
220 448
404 366
269 399
354 204
145 255
469 167
346 329
176 286
365 415
313 283
398 479
243 213
280 422
317 427
465 185
126 401
483 331
216 316
183 433
459 482
299 415
412 436
409 361
380 400
433 141
417 373
394 316
239 478
207 274
224 396
335 121
489 243
436 184
191 488
141 387
209 355
359 426
287 183
248 208
435 199
427 338
434 334
149 423
253 157
342 175
386 401
468 481
334 480
380 164
161 183
289 202
498 176
226 394
381 190
141 433
196 325
201 147
183 280
315 309
491 348
222 258
313 457
446 155
193 404
382 308
118 481
361 117
372 361
458 476
406 202
111 418
102 115
375 456
279 362
145 176
174 432
231 434
221 328
229 442
357 394
417 499
223 257
410 460
403 393
334 443
297 307
424 441
309 451
342 334
211 233
376 217
456 126
422 350
182 439
120 238
135 129
209 301
165 328
411 297
225 434
343 181
338 219
261 498
453 299
421 151
302 200
215 296
297 448
161 301
175 282
357 343
451 300
488 160
346 271
440 462
487 405
335 473
333 133
103 139
241 137
124 480
443 304
150 237
496 342
318 281
321 302
260 312
166 469
221 315
167 180
340 327
461 426
175 368
103 415
457 242
270 204
429 130
174 187
151 212
273 250
278 247
466 176
354 236
274 122
182 195
402 279
141 457
207 248
126 435
372 352
443 380
444 366
262 422
157 188
407 483
294 244
384 481
433 457
203 307
295 377
144 224
296 264
206 293
254 466
192 311
183 417
369 388
446 151
358 333
110 165
263 158
247 454
420 232
251 292
186 385
447 484
143 493
182 202
325 452
360 110
244 472
107 401
383 179
124 283
334 462
460 160
499 449
402 357
278 450
294 125
293 188
408 457
389 314
475 282
332 124
201 478
347 370
230 134
435 401
478 489
120 289
350 183
451 355
133 192
320 305
198 496
231 125
315 100
476 297
360 234
445 255
454 223
433 473
482 407
194 278
471 146
307 169
422 233
329 401
160 394
465 116
408 478
359 295
181 234
331 175
124 138
449 378
238 140
217 341
471 456
316 209
454 467
342 281
302 145
166 283
392 240
143 420
381 420
262 405
102 332
400 382
481 237
421 444
469 220
344 486
207 422
298 244
388 105
377 443
212 300
305 280
460 249
289 167
123 100
178 432
247 376
426 331
327 266
495 483
181 323
296 167
238 406
146 354
115 202
287 246
287 186
189 307
468 429
228 186
490 252
256 267
217 399
250 317
435 347
392 161
235 103
157 129
450 434
197 374
298 314
439 352
246 460
465 321
392 147
455 338
317 146
401 292
146 477
369 224
315 146
473 422
317 229
242 163
108 340
313 390
298 402
361 337
303 254
291 234
167 442
324 495
406 358
365 133
118 414
365 222
322 468
103 290
316 306
324 241
249 269
300 329
287 438
401 331
242 457
285 263
374 154
319 365
104 497
294 141
474 226
355 155
443 114
135 291
331 151
203 254
298 465
488 203
172 290
333 102
264 318
433 183
319 435
362 178
264 142
226 204
328 217
342 367
124 491
201 104
343 257
412 326
458 147
175 456
432 231
139 182
209 334
459 354
272 321
171 146
337 394
425 200
347 163
353 231
283 443
496 162
283 116
115 453
327 276
330 161
120 403
355 428
255 375
265 202
414 299
297 266
201 447
299 467
267 498
148 245
473 393
121 338
321 443
370 129
287 436
221 429
332 204
279 301
243 337
335 358
295 256
235 475
307 347
204 412
461 353
496 476
130 331
191 221
165 479
138 317
160 449
436 170
435 387
151 160
141 492
397 215
266 215
390 195
336 401
427 439
479 172
413 481
275 200
357 423
310 444
200 281
294 399
477 183
473 117
409 303
298 373
197 337
222 300
334 446
229 377
176 147
306 454
247 325
154 381
453 254
309 250
265 298
444 487
258 253
151 402
147 213
446 163
354 234
411 325
332 441
209 325
356 394
421 451
427 189
415 364
279 428
387 406
359 365
355 120
211 219
265 112
401 460
394 448
269 471
403 262
121 105
396 128
366 344
140 499
150 350
265 200
312 157
492 354
457 372
332 179
163 137
133 412
117 160
498 189
259 235
212 128
499 190
153 462
463 469
458 275
318 243
122 108
335 380
412 126
334 279
411 184
347 135
346 408
267 275
165 143
490 353
346 474
458 383
170 467
234 337
465 405
314 432
213 229
103 370
257 157
223 233
328 406
120 482
101 335
135 152
234 437
347 109
118 408
443 153
429 117
316 276
364 264
214 469
459 380
393 134
108 116
302 486
189 151
474 489
200 437
319 196
212 497
422 298
281 171
166 178
199 102
443 382
455 291
360 271
449 383
110 402
437 461
365 407
149 387
351 366
454 353
419 210
164 261
365 351
360 463
382 167
399 118
359 383
161 187
487 103
437 288
479 301
196 437
441 284
478 447
417 271
124 322
368 159
152 189
326 469
178 289
386 363
464 481
131 321
361 210
276 379
353 414
420 145
289 359
419 134
406 249
275 143
380 103
382 237
355 324
358 459
443 154
214 152
251 156
483 231
127 325
110 260
347 480
191 227
152 158
101 271
101 277
319 254
242 190
427 217
182 141
227 302
194 447
217 187
143 212
240 154
180 322
289 420
175 497
341 421
453 146
262 102
432 456
269 141
355 448
197 172
195 384
240 204
222 377
388 107
236 416
409 424
396 245
108 143
342 459
199 428
255 228
103 218
488 323
497 344
235 334
382 261
306 150
491 333
105 260
295 151
440 130
427 447
383 240
349 339
241 429
329 234
122 407
284 110
264 431
183 211
196 448
309 244
430 496
436 128
195 483
417 203
102 339
140 151
393 235
135 199
222 365
357 165
169 439
445 313
222 259
167 412
328 449
181 376
215 100
447 234
368 296
351 427
367 383
177 196
241 114
269 145
147 312
100 152
233 263
435 119
396 229
300 487
106 354
242 455
142 299
261 351
240 318
210 497
481 466
250 167
433 418
143 331
403 487
368 426
251 479
272 211
409 415
150 432
205 286
192 478
158 392
189 490
426 448
276 230
227 473
164 111
155 442
221 213
371 126
340 392
392 490
269 466
174 267
119 475
415 381
190 182
252 370
480 173
189 127
299 115
350 312
135 471
102 356
351 277
234 102
233 298
139 217
331 110
276 258
473 246
472 236
449 360
229 277
198 392
456 298
307 165
179 307
382 185
262 442
251 182
498 112
124 385
150 430
310 287
273 111
105 183
178 330
363 369
138 130
232 257
128 159
384 442
320 484
166 285
319 272
419 473
420 247
370 281
295 465
364 271
212 240
191 419
100 349
141 462
399 379
101 196
179 437
294 148
208 218
242 256
208 203
186 318
366 317
341 291
160 313
462 417
281 308
420 376
341 166
408 159
475 453
430 483
228 116
211 418
104 255
139 369
425 289
212 168
280 294
172 480
362 227
262 391
498 266
129 385
177 241
272 361
497 154
100 280
181 316
212 422
441 414
241 372
109 324
168 257
369 156
481 263
147 123
473 150
206 403
457 391
239 339
333 340
120 208
406 440
380 142
304 314
109 467
287 408
153 197
462 190
341 480
432 449
494 304
299 168
433 195
371 165
133 496
470 495
163 490
461 430
385 196
218 289
387 192
127 443
316 422
181 376
186 168
122 110
334 372
273 199
419 479
477 112
294 439
327 308
136 211
102 274
267 168
315 115
212 413
449 116
107 314
378 487
460 298
169 121
397 443
369 311
401 250
357 256
109 147
496 345
470 182
365 370
482 316
347 392
214 165
477 354
255 310
441 334
221 334
382 406
334 356
321 136
219 211
376 410
258 248
434 330
290 204
477 283
139 459
149 113
495 101
468 421
198 490
498 211
126 136
337 197
463 391
401 287
259 342
438 456
183 128
326 248
374 310
326 433
286 291
205 190
267 160
280 381
350 436
457 254
440 122
488 142
139 123
361 163
104 221
293 498
343 491
197 482
226 328
407 115
250 380
107 463
323 195
438 223
343 383
483 463
401 386
468 433
452 340
327 479
132 368
376 296
192 171
371 387
124 440
470 465
480 370
435 408
443 137
322 463
334 297
277 268
455 435
206 327
498 167
476 445
397 316
460 476
134 209
241 231
365 176
425 259
433 145
347 361
112 303
151 387
391 334
244 283
321 475
369 313
165 378
278 318
379 223
142 447
441 474
498 367
478 307
267 190
369 112
496 104
163 409
296 168
291 416
110 250
247 393
265 295
311 278
129 288
312 331
271 429
121 248
184 292
239 467
438 190
304 494
399 382
496 297
335 420
324 140
461 425
272 324
490 408
358 351
124 480
467 211
311 446
268 136
346 387
456 154
260 259
346 374
392 143
144 280
120 241
407 384
385 328
103 417
197 212
456 306
118 337
419 375
167 365
234 285
268 222
108 203
416 318
488 373
312 497
155 174
434 322
257 365
495 403
193 376
450 366
436 160
269 206
330 269
163 307
215 369
110 210
183 390
423 494
146 251
460 222
297 428
298 389
192 444
387 336
400 406
396 164
105 312
354 303
460 222
234 247
389 458
194 402
398 143
321 149
360 479
319 146
309 290
320 492
312 287
400 434
452 332
416 190
318 455
475 267
401 338
423 309
378 106
106 464
284 400
147 327
275 128
470 106
202 190
454 111
493 344
403 283
450 365
145 209
215 428
124 321
341 131
347 272
352 289
347 498
458 299
147 244
112 369
125 242
213 492
363 221
327 121
401 129
218 443
331 438
151 339
262 288
304 334
471 284
465 244
410 422
329 449
105 214
165 119
364 155
143 192
223 376
296 347
277 319
262 382
183 231
349 247
224 141
204 484
282 417
446 423
476 171
328 196
338 122
329 356
421 345
327 243
295 429
264 327
223 494
314 214
457 242
453 403
173 225
217 202
137 149
473 237
130 447
478 398
261 220
340 280
227 447
227 438
325 287
116 283
454 156
175 374
119 367
499 361
181 296
256 115
343 188
108 427
393 398
422 327
100 482
359 408
210 421
433 372
182 315
294 377
393 455
169 274
152 346
282 224
320 162
124 247
290 162
319 152
323 192
465 327
289 247
239 157
117 168
125 336
482 102
165 475
489 353
185 487
136 475
364 153
491 227
268 348
369 447
219 478
410 422
147 260
262 180
102 209
311 453
248 235
388 260
302 193
471 175
366 417
418 494
245 350
231 162
413 258
467 425
258 235
443 456
174 290
207 488
198 122
307 428
397 354
144 164
480 171
115 179
203 307
261 481
371 437
319 413
333 262
366 397
227 458
423 495
102 220
432 208
279 410
390 444
469 446
421 176
471 356
345 405
479 422
414 270
122 268
262 193
298 347
279 458
403 453
493 385
421 386
365 209
212 478
466 429
390 297
132 189
450 183
184 494
179 187
270 237
333 128
312 296
209 463
107 305
326 388
391 148
340 183
153 160
305 190
436 341
355 354
363 242
181 260
280 447
388 414
391 445
399 352
320 439
291 243
362 318
470 327
280 351
494 346
153 218
173 236
373 236
474 261
284 476
398 461
411 311
227 329
490 252
147 262
226 350
210 431
261 118
238 108
265 231
391 276
133 270
150 291
477 458
120 334
207 430
220 311
245 427
186 349
192 299
343 484
467 153
117 416
135 297
118 314
417 205
124 157
210 186
164 328
444 268
105 388
365 447
489 367
372 363
390 242
457 263
203 108
335 243
373 397
304 279
112 254
295 122
498 302
108 137
446 285
390 495
114 290
117 209
489 285
276 343
230 492
329 357
327 485
259 268
214 492
344 286
345 381
363 455
345 298
186 394
351 365
267 280
308 300
409 318
411 400
178 441
116 277
333 255
487 173
191 134
498 264
326 374
442 328
451 330
430 495
457 438
484 330
374 237
188 385
246 238
397 174
380 431
342 408
364 408
400 122
397 228
336 130
283 212
303 400
200 447
389 448
401 441
349 466
405 203
496 182
457 364
332 494
212 389
330 473
352 124
336 185
471 303
142 317
287 244
493 148
396 247
297 425
434 156
398 348
402 271
198 420
202 110
300 349
474 453
236 368
238 335
297 112
467 264
324 411
108 217
190 491
226 284
192 468
400 393
224 102
325 458
113 129
118 429
108 392
392 210
296 184
378 489
384 375
461 329
310 473
358 172
207 216
426 395
498 179
352 451
220 388
233 217
244 146
443 306
137 172
118 394
351 315
343 351
181 267
131 344
291 275
127 167
463 350
131 363
450 166
484 241
235 283
284 481
216 295
226 153
178 277
252 104
355 266
241 320
234 399
149 254
316 255
197 433
164 338
456 192
413 495
288 224
105 166
350 289
154 448
153 354
372 133
103 149
154 449
364 493
309 157
413 100
310 205
323 313
357 219
238 498
443 370
193 120
443 163
170 486
206 239
135 330
110 476
393 280
446 285
278 394
297 477
359 485
377 180
354 200
144 378
110 296
429 438
322 382
181 202
132 119
323 223
301 203
107 434
415 291
484 265
341 313
107 275
114 445
315 482
101 476
469 120
462 381
479 497
483 395
409 135
223 136
353 449
135 163
379 244
121 470
357 216
220 463
153 184
167 349
161 166
371 180
333 212
469 437
185 490
232 485
399 319
322 224
143 161
494 264
257 215
355 314
173 403
169 184
139 492
207 287
169 123
410 164
201 335
128 277
140 117
403 278
307 182
248 396
166 445
425 208
443 393
284 117
360 203
469 211
219 181
158 494
369 355
491 327
299 399
205 149
315 302
160 133
438 400
400 375
410 395
164 241
436 380
281 197
405 330
317 363
374 230
243 219
394 226
265 365
295 128
131 411
224 294
132 121
175 439
140 155
374 330
415 443
454 155
377 455
390 412
184 491
206 417
105 150
192 116
472 333
160 364
294 432
334 479
224 371
195 152
171 401
278 230
379 145
117 325
229 492
334 391
310 476
475 209
143 324
342 273
139 318
155 241
339 358
271 390
416 193
181 386
109 397
275 280
126 391
464 474
429 309
440 328
142 251
408 263
481 376
469 100
150 338
344 354
227 440
483 290
290 367
153 366
439 385
464 162
136 405
139 190
139 470
146 385
424 372
155 132
272 109
317 467
271 367
400 135
410 319
218 143
126 249
426 164
349 317
195 214
298 161
310 403
193 338
460 295
266 458
174 397
371 174
228 122
491 182
454 162
470 284
463 351
353 216
422 437
247 440
307 188
179 290
296 476
252 214
486 170
153 410
102 294
161 295
384 491
123 193
253 140
376 366
371 245
110 489
194 213
499 122
269 299
208 428
190 394
354 234
450 145
412 219
128 262
265 112
209 471
260 271
485 108
124 461
420 165
291 384
333 170
464 365
162 471
153 306
372 426
172 391
280 309
123 428
489 379
474 469
420 138
154 128
402 264
123 357
232 384
164 245
466 303
202 350
237 122
151 394
243 277
333 208
480 356
173 118
199 316
195 276
473 194
454 163
294 489
333 353
447 334
403 143
459 156
312 274
396 245
122 152
191 318
490 204
421 223
305 229
167 340
116 415
483 302
311 163
189 437
119 331
285 334
273 234
416 213
302 129
415 305
498 304
104 467
451 242
260 397
482 378
251 104
355 350
460 168
380 482
410 322
438 162
340 476
204 398
319 495
463 418
292 276
398 336
289 301
295 110
342 361
337 241
307 256
355 200
325 222
463 401
169 414
269 343
255 157
350 362
493 224
179 147
271 318
247 359
427 470
260 265
285 401
456 194
319 268
395 221
486 140
444 211
416 355
225 485
364 191
372 499
171 326
445 119
456 242
155 102
166 289
401 406
305 339
435 128
142 453
477 275
145 448
382 202
176 291
130 338
281 303
231 489
149 188
224 233
358 259
360 316
344 242
174 452
324 364
451 342
457 367
485 325
154 359
156 395
176 202
202 169
444 270
178 159
144 153
274 131
290 349
269 283
215 143
173 385
305 300
449 401
444 194
479 200
467 208
231 157
108 370
459 217
271 310
370 128
452 470
294 158
431 180
410 103
239 305
231 407
134 397
257 477
464 154
262 143
176 254
296 434
444 182
440 140
261 349
214 426
459 211
137 332
465 334
412 376
412 313
107 483
136 213
204 388
276 497
161 257
273 405
315 189
402 161
173 372
452 297
374 351
407 269
298 452
478 311
233 370
424 430
235 391
357 257
182 418
290 360
182 122
441 237
421 143
269 310
107 344
419 168
384 370
255 182
171 496
384 412
474 282
153 389
364 111
321 334
251 187
147 121
381 154
234 466
276 425
300 440
445 184
145 495
270 227
213 343
494 109
420 448
200 281
277 236
122 495
301 247
218 173
170 137
402 455
124 244
219 275
342 460
176 316
162 307
186 405
391 472
335 442
237 447
142 122
274 266
185 241
409 395
257 406
473 234
166 339
443 191
266 220
282 492
467 354
493 180
154 388
270 419
226 157
371 260
232 454
259 220
182 224
230 466
260 300
360 163
334 133
450 420
221 491
227 176
180 224
135 311
449 331
428 369
248 234
420 307
220 156
341 348
126 458
487 158
467 123
150 295
312 396
236 176
468 145
140 337
409 471
102 486
112 140
253 288
292 125
302 243
494 111
190 454
216 457
287 153
474 259
301 491
430 361
412 475
471 255
130 386
105 426
117 311
352 488
323 400
283 172
113 297
168 146
331 323
221 105
492 302
335 103
356 203
275 152
277 497
300 457
387 448
393 233
254 377
431 182
207 277
332 312
498 321
200 246
297 271
243 452
491 230
281 175
115 464
305 310
480 340
218 119
410 278
464 301
474 402
182 283
264 395
242 330
484 329
227 305
322 435
448 296
470 330
485 213
400 492
385 429
449 155
158 328
464 310
148 416
121 311
344 306
446 488
222 131
338 440
130 212
422 126
431 366
177 316
344 267
169 452
345 274
264 429
488 238
363 205
278 327
380 321
286 469
275 396
421 271
113 308
222 278
329 315
169 280
167 104
149 388
271 136
309 270
484 421
174 469
103 169
362 406
242 364
279 469
472 341
301 484
494 308
432 481
403 417
151 115
449 294
248 443
193 188
477 340
256 435
467 457
106 167
490 464
436 224
116 448
281 405
444 140
130 226
437 466
334 371
194 169
190 215
435 495
378 212
340 239
319 252
488 194
317 342
251 187
182 433
336 393
184 322
340 103
182 137
362 122
141 496
468 396
446 104
177 211
353 272
334 464
331 297
383 161
433 305
318 193
283 428
229 204
201 217
489 218
246 144
324 336
483 494
175 287
236 332
338 193
219 202
291 250
410 211
433 207
478 252
213 388
423 231
118 193
356 384
209 309
351 286
284 428
363 200
421 480
473 222
182 244
375 213
257 450
361 347
120 415
322 278
361 308
128 162
378 292
102 416
353 380
263 405
416 189
224 255
445 403
409 236
303 395
301 316
249 271
374 148
135 365
132 105
110 483
436 247
281 355
463 366
278 384
459 101
230 367
341 261
432 348
401 356
237 115
148 334
491 447
351 254
103 467
383 364
305 462
334 488
256 157
228 198
226 302
339 104
458 396
114 109
422 258
417 220
200 480
158 148
397 183
452 124
219 114
473 215
277 105
321 434
456 427
123 305
201 236
422 224
377 444
121 497
411 242
143 165
427 379
383 463
185 467
190 426
285 419
138 109
317 231
227 369
107 242
290 269
282 338
301 395
209 463
196 230
208 343
401 356
165 194
364 308
251 444
344 133
349 418
143 163
297 319
454 261
490 183
125 258
199 453
261 442
218 432
377 332
289 184
437 118
122 487
243 147
467 335
162 121
361 456
235 195
282 315
225 485
378 231
457 351
179 405
467 310
133 417
393 191
443 342
259 361
471 434
132 412
240 325
470 161
494 279
177 289
225 378
187 361
221 272
397 324
126 101
248 158
324 495
201 171
380 446
300 393
180 329
144 375
325 466
151 214
340 184
148 411
479 271
159 450
320 430
198 383
483 499
213 127
153 420
208 121
106 151
274 462
457 130
385 435
135 476
383 393
236 309
410 353
469 183
297 171
313 466
437 302
304 437
379 318
106 479
132 273
264 271
219 256
225 353
126 429
495 250
239 201
229 286
499 172
398 413
320 111
119 169
424 145
330 198
383 280
171 473
316 432
210 157
469 412
195 333
481 162
111 313
293 245
233 497
301 174
383 294
445 249
471 427
454 482
453 328
150 475
123 246
339 467
136 348
159 336
244 201
343 357
254 464
478 105
101 421
311 348
216 484
413 447
467 245
474 421
164 392
291 211
309 497
492 123
170 384
160 405
496 280
419 482
419 239
479 444
356 415
409 297
473 275
164 372
382 318
370 437
139 144
128 396
109 448
305 267
376 252
243 218
242 422
321 210
195 212
387 337
324 126
407 426
338 112
315 185
231 373
280 396
295 373
319 288
410 178
107 138
163 148
200 300
362 222
476 398
458 377
158 324
192 243
404 421
343 119
376 229
424 311
138 380
475 426
328 396
314 272
170 305
311 244
312 371
174 291
123 485
334 117
121 153
121 115
392 326
205 489
185 206
359 444
264 131
454 209
418 149
438 308
365 434
476 242
299 329
280 175
208 472
269 432
362 300
416 316
361 438
165 462
430 168
311 303
248 220
451 352
389 267
263 461
222 294
330 122
381 317
136 308
159 278
287 363
416 148
189 194
214 412
236 398
491 249
440 497
128 489
488 186
481 221
311 108
182 173
376 494
240 121
358 255
404 482
213 441
185 114
212 307
189 138
375 423
426 454
392 230
260 303
221 247
425 375
152 447
473 126
119 261
117 472
198 108
251 406
369 412
244 138
284 329
487 285
479 366
347 234
177 474
305 168
279 371
249 354
465 437
333 443
148 239
471 127
205 457
498 216
218 401
263 479
296 335
286 319
458 222
409 392
315 155
297 352
473 410
379 156
357 197
127 175
124 490
380 257
156 429
331 353
250 264
248 487
437 328
379 150
113 310
361 293
173 184
360 309
413 407
118 240
469 379
246 435
314 281
318 362
330 191
233 317
266 215
157 302
487 157
110 202
112 489
142 438
374 246
141 286
219 480
169 202
125 219
287 260
200 220
200 345
407 145
338 328
479 395
340 237
120 154
265 433
237 422
130 316
438 172
467 455
119 451
100 487
314 250
367 409
231 270
323 233
133 375
195 335
100 491
443 140
296 482
478 186
122 267
355 136
210 377
381 190
106 384
404 363
185 439
366 407
359 405
394 161
308 466
107 197
277 192
158 318
241 354
457 247
285 425
291 335
234 392
423 415
225 430
253 114
119 203
264 248
390 278
433 250
230 294
146 122
324 230
155 407
496 316
383 247
184 145
440 117
170 472
174 188
163 203
290 296
365 291
107 271
129 439
302 214
279 393
377 496
259 494
251 228
487 418
234 269
300 310
388 230
112 303
210 439
349 287
333 194
307 143
285 481
134 499
165 335
195 479
343 149
488 159
372 342
254 118
399 420
340 258
350 375
251 425
240 289
269 382
360 168
143 264
319 367
142 395
176 311
405 281
335 250
449 244
306 130
423 163
388 465
282 405
372 120
338 412
425 262
362 353
406 105
330 310
152 463
111 169
220 360
224 273
268 455
491 481
285 323
129 185
395 153
463 132
466 233
397 460
240 337
449 151
106 398
214 245
424 112
443 407
448 280
153 443
281 252
116 485
211 346
236 410
263 433
159 395
268 389
116 433
303 343
204 161
364 486
379 451
203 142
289 335
262 118
189 196
217 453
221 381
170 244
323 412
463 129
193 415
279 328
186 375
307 347
326 208
268 471
437 332
242 322
307 460
103 290
138 413
462 396
333 237
438 480
212 419
125 316
399 157
368 297
477 336
219 383
455 149
373 232
465 458
270 410
211 140
317 132
465 418
489 322
428 450
248 204
328 337
418 142
410 210
391 186
244 459
491 445
260 360
169 161
233 467
426 251
326 424
481 335
220 233
162 114
477 467
113 368
207 154
385 475
214 440
498 242
171 164
462 384
414 382
133 244
430 368
266 107
285 207
330 222
105 322
475 197
298 338
427 371
445 417
188 224
446 189
315 452
425 218
176 349
135 462
435 284
171 158
269 282
411 121
354 413
283 456
204 135
161 376
413 323
164 177
351 390
443 214
219 484
353 246
143 201
274 264
129 348
461 301
436 113
250 223
154 300
425 374
335 416
109 300
445 300
497 384
369 481
493 153
153 290
209 199
444 203
274 116
456 429
379 297
456 306
348 154
279 384
251 154
430 460
465 488
225 140
134 250
136 493
417 365
271 397
204 224
383 389
375 477
393 169
420 197
202 265
149 485
485 275
127 285
318 136
371 349
120 347
124 218
347 198
302 350
313 153
321 211
139 367
138 299
313 358
260 313
447 130
317 425
234 363
346 279
156 206
220 360
393 276
310 137
265 450
449 253
473 293
178 456
473 440
230 373
476 406
435 443
484 357
402 311
253 317
488 367
297 154
392 372
330 134
125 137
379 321
318 175
385 310
271 114
340 463
293 417
485 394
144 471
318 350
305 175
186 337
473 255
201 186
183 305
402 458
204 496
460 292
118 331
323 365
371 122
133 216
437 181
400 347
125 477
349 424
414 445
100 333
404 164
253 400
405 226
166 456
481 112
332 486
372 243
454 401
146 461
320 154
138 303
263 479
189 359
422 159
466 440
195 329
178 400
186 425
264 251
237 349
369 160
337 141
491 110
296 460
302 203
180 449
373 357
397 101
438 116
294 469
425 193
139 176
124 474
182 387
453 119
261 495
307 322
311 191
156 353
110 306
280 287
367 460
102 421
323 123
138 150
249 418
282 491
364 450
374 324
155 334
274 348
275 293
261 165
271 418
471 175
226 457
125 427
376 361
288 363
360 471
116 218
479 440
445 121
442 258
414 307
109 361
399 470
385 198
244 261
356 430
456 401
102 309
157 461
450 444
190 492
230 429
354 472
231 302
207 287
197 323
377 362
358 376
195 223
172 349
466 408
303 447
368 186
307 136
120 252
467 130
173 339
152 342
112 168
363 191
338 402
348 242
345 150
172 102
312 373
290 205
331 285
153 421
120 391
496 273
352 241
330 407
365 473
305 366
173 193
477 351
131 393
113 311
201 170
114 478
379 220
396 465
175 231
301 141
337 475
475 409
288 325
135 164
118 449
485 450
391 462
386 307
247 190
312 353
128 217
126 170
327 224
223 161
332 380
347 412
114 257
222 475
481 463
212 311
422 144
439 349
200 261
140 289
293 178
167 460
345 204
329 133
323 441
441 452
130 376
414 253
116 317
299 184
249 196
243 198
284 264
112 381
387 431
480 485
280 242
333 257
266 324
297 166
305 248
272 139
223 452
332 436
147 117
364 203
405 315
423 410
212 230
246 224
194 452
181 175
312 481
450 381
101 496
438 491
200 381
322 193
397 488
337 282
109 442
360 289
343 450
236 385
368 120
268 254
444 291
451 219
459 201
416 439
411 321
268 309
296 322
107 395
114 493
358 278
473 399
243 292
198 117
312 300
336 418
303 409
314 156
268 243
149 466
291 320
219 185
148 455
134 409
104 361
264 200
393 132
103 299
279 144
456 483
120 392
320 307
263 375
375 166
174 402
185 337
299 473
280 427
340 395
267 431
456 341
406 492
374 316
213 455
262 347
467 188
302 475
193 137
212 186
165 127
248 225
225 165
410 226
260 485
118 286
414 442
161 349
146 490
203 283
368 150
303 352
489 119
356 208
210 215
353 100
392 242
192 154
160 292
274 295
392 175
428 272
179 206
257 333
483 230
476 296
439 330
169 462
443 106
135 189
497 183
378 344
255 367
197 311
173 480
160 496
116 491
207 457
233 177
232 123
299 110
197 274
264 470
160 302
151 316
449 166
317 391
374 405
353 156
407 420
380 211
287 220
449 397
223 337
447 131
377 194
140 270
235 140
321 241
336 499
324 435
136 164
433 129
407 129
170 396
198 477
175 315
437 156
213 117
432 119
396 336
252 346
363 173
245 253
491 329
466 208
228 342
455 256
235 444
133 263
292 491
446 329
314 155
195 366
468 173
147 386
365 470
229 155
416 358
453 361
328 408
141 306
186 109
282 129
474 461
287 241
224 365
334 187
495 353
490 414
407 384
499 311
152 265
323 186
252 478
100 253
303 202
182 405
393 359
284 345
279 381
251 453
437 144
188 286
389 349
203 249
363 437
475 339
253 176
459 145
420 298
108 396
242 376
441 449
436 479
201 266
135 176
458 388
339 140
161 123
228 391
477 495
244 431
442 405
413 244
211 325
348 295
447 259
174 166
153 195
476 101
276 445
177 365
380 211
123 249
178 438
153 345
225 443
431 129
396 221
164 109
263 245
178 477
440 433
394 406
368 437
328 274
121 415
344 170
488 133
289 461
421 209
483 245
330 474
110 224
119 364
276 302
281 152
440 460
142 116
361 110
211 385
103 326
357 320
300 353
322 489
383 467
325 250
205 473
254 364
178 236
307 329
300 393
165 263
113 392
326 301
429 345
134 175
405 259
434 339
171 116
270 261
372 363
281 287
190 270
428 203
319 108
396 305
334 268
172 160
392 488
110 473
354 315
133 119
311 420
223 193
399 207
491 227
189 164
186 152
486 196
266 406
286 390
383 235
366 357
401 306
274 334
364 248
230 141
242 438
186 199
335 316
159 260
342 214
311 488
305 333
343 227
363 459
385 354
273 143
242 253
271 219
109 170
122 272
387 418
388 300
431 103
343 422
366 214
174 160
393 275
479 114
170 433
277 269
452 391
464 310
222 149
130 495
294 368
178 423
229 141
153 256
238 473
458 129
333 313
192 302
491 230
287 248
488 134
358 411
123 370
452 444
294 436
393 241
279 493
495 142
420 115
209 303
236 157
472 148
220 116
349 297
441 388
360 328
214 338
402 360
122 108
417 193
172 222
390 307
110 457
396 343
254 199
476 195
308 243
227 100
165 332
443 396
491 425
268 203
270 100
380 220
462 200
181 251
334 299
374 410
124 485
268 422
265 488
190 385
297 399
419 121
378 254
171 378
283 417
360 167
312 273
112 194
424 387
109 335
293 240
436 124
286 198
155 194
312 420
179 380
419 273
112 453
314 432
209 201
310 481
291 339
277 296
242 477
437 187
161 463
291 466
216 241
425 111
449 339
388 103
419 399
160 305
172 286
160 282
133 405
203 480
154 143
299 194
389 352
496 373
251 257
247 327
288 274
233 130
273 325
324 461
455 366
111 477
482 147
468 157
246 454
323 378
365 359
199 445
480 258
330 386
109 329
133 308
178 341
212 464
384 122
146 177
190 261
412 181
458 237
218 449
382 144
463 115
491 469
122 445
232 247
287 383
114 132
178 254
313 327
235 139
369 475
158 436
340 224
224 279
386 457
250 360
473 205
347 405
222 343
180 162
196 482
369 492
383 369
320 185
344 307
155 144
216 248
181 388
439 286
193 240
355 302
266 397
327 405
126 417
336 456
473 441
347 263
271 303
119 313
307 315
304 200
258 327
492 466
327 360
116 209
443 184
381 245
415 439
223 191
355 178
488 119
191 343
427 333
273 152
116 398
429 300
198 166
482 302
172 454
112 272
365 240
312 180
146 225
382 103
306 392
392 285
170 212
190 490
119 448
347 430
412 456
201 247
236 183
275 382
356 226
127 390
240 137
412 341
411 446
302 279
422 195
109 452
212 233
428 324
497 377
117 450
495 485
105 121
362 103
107 316
410 350
245 350
113 389
383 169
310 258
240 318
180 147
263 438
389 140
259 146
235 356
372 359
199 294
325 221
408 308
482 487
474 431
410 296
161 302
421 353
208 373
235 342
326 115
335 205
474 431
219 329
214 280
155 241
104 227
486 444
158 349
380 194
345 459
431 234
485 437
436 154
241 268
496 491
194 499
385 481
370 281
426 209
373 368
498 223
471 463
428 166
327 271
336 382
353 371
487 300
467 474
147 228
427 328
171 494
186 337
422 145
485 324
447 386
439 348
144 452
284 459
419 470
378 199
167 333
180 255
168 221
427 436
469 320
499 281
249 136
433 336
381 399
469 100
121 458
148 140
300 193
131 337
434 357
373 164
120 323
209 187
268 129
343 286
228 454
333 125
437 322
208 265
353 343
185 190
254 145
315 468
278 401
136 393
117 356
157 243
207 338
359 370
232 397
157 488
340 179
180 494
163 121
212 161
474 135
441 227
404 494
322 195
373 227
198 267
456 414
292 440
244 318
279 114
439 123
255 110
396 465
401 183
203 106
368 342
128 175
111 229
152 133
293 401
373 488
200 223
451 153
204 290
439 204
313 365
191 382
185 390
288 283
268 100
133 279
144 347
178 249
230 284
145 299
488 249
242 193
350 474
336 252
469 145
159 187
479 462
384 146
376 174
100 113
139 423
480 289
307 485
312 248
236 306
166 328
153 258
158 489
400 156
224 125
238 259
178 123
250 420
384 446
160 216
414 436
496 339
359 253
332 311
446 114
284 492
190 114
337 177
169 269
406 187
253 116
216 274
217 260
495 112
358 210
277 389
341 421
277 114
329 148
498 250
444 271
335 327
294 256
388 434
251 323
402 217
268 350
408 183
381 443
458 438
476 491
204 238
469 169
433 306
363 247
114 193
214 194
137 214
305 413
243 438
353 478
376 325
165 231
495 385
260 378
383 252
382 278
105 275
180 334
273 199
418 188
355 367
103 195
250 459
141 235
295 183
215 495
229 440
274 439
475 174
104 372
459 349
416 137
450 360
232 223
471 324
354 488
218 154
277 325
431 158
142 340
132 193
248 256
306 343
353 257
405 451
196 308
370 389
302 249
232 176
298 207
133 283
460 190
179 145
177 172
456 331
192 308
181 372
459 250
434 283
265 230
429 393
499 235
188 133
278 441
454 320
176 444
327 151
319 341
265 224
109 181
143 479
163 383
340 117
215 220
217 117
400 267
443 485
343 454
167 409
333 282
446 413
313 358
347 316
409 469
481 273
330 299
201 329
375 390
247 200
115 315
292 326
187 346
180 273
117 168
318 248
224 273
499 487
214 155
154 186
238 307
120 412
192 454
439 322
103 339
143 348
132 436
305 427
326 473
110 479
448 205
379 216
196 108
382 224
409 368
344 107
374 172
100 318
239 315
235 167
446 175
198 212
226 452
119 175
116 256
254 320
462 179
414 224
177 464
124 413
183 453
252 285
141 340
411 416
341 210
110 436
231 404
378 279
472 145
253 314
343 407
207 358
171 446
276 368
161 472
151 177
179 409
168 443
192 314
155 240
271 477
466 437
377 124
138 222
188 470
117 207
473 214
336 388
305 382
396 163
382 348
177 244
356 376
284 442
253 159
199 190
271 385
144 104
212 466
206 432
371 430
231 221
436 377
491 409
284 450
322 450
351 426
130 348
328 233
417 279
403 496
175 190
259 308
277 251
179 401
408 176
399 109
236 471
252 415
371 332
148 182
239 101
396 379
434 274
390 286
139 371
421 277
323 192
352 465
286 378
424 100
167 125
473 457
394 202
110 495
422 327
314 106
484 417
127 205
422 299
237 436
446 201
204 484
219 288
466 162
311 419
190 202
270 120
389 496
225 268
474 154
260 196
255 228
409 420
145 452
374 325
453 310
198 330
479 214
480 421
274 135
356 280
268 403
374 492
376 306
384 120
317 115
484 356
303 433
430 217
159 310
481 112
321 294
125 371
393 339
176 419
402 297
238 129
136 251
370 311
185 159
294 444
489 311
286 220
470 147
341 267
281 238
443 496
182 109
266 405
108 379
428 332
275 280
196 462
151 474
188 398
167 134
240 294
272 432
494 307
317 391
258 458
409 371
194 384
338 255
285 130
345 156
371 131
314 409
471 221
224 470
358 419
464 298
177 449
272 164
368 192
164 465
334 214
314 253
453 369
471 426
249 118
260 433
282 172
442 406
440 273
459 349
232 193
348 133
310 407
217 242
394 313
124 276
306 349
444 107
370 255
308 375
348 276
381 455
228 234
370 385
149 261
112 121
470 449
239 453
115 492
259 352
316 268
345 470
380 128
432 266
424 276
159 311
491 367
476 438
294 490
377 264
178 364
350 382
328 280
174 242
301 324
332 112
465 132
272 478
139 285
256 441
215 444
302 333
259 439
298 262
106 182
257 359
417 434
318 339
475 354
297 350
473 345
289 455
251 226
404 187
419 335
380 271
387 110
236 228
418 492
260 461
367 316
381 338
353 318
288 180
251 399
465 139
280 487
366 468
123 367
391 257
233 139
115 155
107 214
275 211
388 491
118 448
391 212
189 244
309 333
389 346
329 296
217 475
427 298
261 232
107 245
281 111
417 160
102 433
431 337
